step_id,plan,summary,thought,action,task,feedback,location,description,inventory,score,reward,is_done,error
0,,,,,"I hope you're ready to go into rooms and interact with objects, because you've just entered TextWorld! First thing I need you to do is to make an attempt to travel south. After that, make an effort to venture east. With that done, try to go to the east. And then, take a trip east. Following that, go to the north. If you can finish that, travel east. Then, move south. After that, make an attempt to venture west. Then, head south. After that, attempt to go west. And then, go to the south. And then, try to head south. With that done, make an attempt to venture south. Then, travel east. And then, go east. After that, go north. And then, make an attempt to venture west. After that, venture north. With that accomplished, make an attempt to travel west. That done, take a trip south. With that over with, travel south. After that, make an attempt to move south. And then, try to venture west. Following that, take a trip west. With that done, make an effort to venture north. After that, move north. Then, make an effort to move north. With that over with, attempt to move west. Following that, take a trip west. Okay, and then, venture south. Okay, and then, take a trip west. With that done, attempt to move south. Then, move west. Once you finish that, head west. After that, venture south. Next, go east. And then, venture north. With that done, travel west. Following that, make an attempt to go to the west. And then, venture south. If you can get through with that, go south. If you can do that, make an attempt to take a trip east. With that over with, make an effort to travel north. Once you do that, make an effort to move north. Then, try to venture north. And then, go west. If you can do that, move west. And then, venture west. And then, attempt to venture north. And then, go west. And then, venture north. And then, venture north. Following that, make an effort to take a trip east. Following that, attempt to take a trip east. And then, go to the north. Following that, travel west. Okay, and then, make an effort to travel south. And then, attempt to venture west. Then, take a trip west. Then, retrieve the coin from the floor of the cheap launderette. And if you do that, you're the winner!",,Cookery,"Well, here we are in the cookery.



There is an unguarded exit to the north. There is an exit to the south. Don't worry, it is unguarded. There is an exit to the west. Don't worry, it is unguarded.",You are carrying nothing.,0 of 1,0.0,False,
1,,,I will start by going south as instructed.,go south,,"You're now in the recreation zone. You decide to just list off a complete list of everything you see in the room, because hey, why not?



There is an exit to the east. Don't worry, it is unblocked. There is an exit to the north. Don't worry, it is unblocked. You need an unblocked exit? You should try going south. You need an unblocked exit? You should try going west.",Recreation Zone,"You're now in the recreation zone. You decide to just list off a complete list of everything you see in the room, because hey, why not?



There is an exit to the east. Don't worry, it is unblocked. There is an exit to the north. Don't worry, it is unblocked. You need an unblocked exit? You should try going south. You need an unblocked exit? You should try going west.",You are carrying nothing.,0 of 1,0.0,False,
2,,,I will follow the instructions and first try to go south.,go south,,"Ah, the parlor. This is some kind of parlor, really great fun vibes in this place, a wonderful fun atmosphere. And now, well, you're in it. You begin to take stock of what's in the room.



There is an unguarded exit to the north.",Fun Parlor,"Ah, the parlor. This is some kind of parlor, really great fun vibes in this place, a wonderful fun atmosphere. And now, well, you're in it. You begin to take stock of what's in the room.



There is an unguarded exit to the north.",You are carrying nothing.,0 of 1,0.0,False,
3,,,I will follow the instructions and first attempt to travel south.,go south,,You can't go that way.,Fun Parlor,"Ah, the parlor. This is some kind of parlor, really great fun vibes in this place, a wonderful fun atmosphere. And now, well, you're in it. You begin to take stock of what's in the room.



There is an unguarded exit to the north.",You are carrying nothing.,0 of 1,0.0,False,
4,,,I should go north since that is the only unguarded exit from the Fun Parlor.,go north,,"You're now in the recreation zone. You decide to just list off a complete list of everything you see in the room, because hey, why not?



There is an exit to the east. Don't worry, it is unblocked. There is an exit to the north. Don't worry, it is unblocked. You need an unblocked exit? You should try going south. You need an unblocked exit? You should try going west.",Recreation Zone,"You're now in the recreation zone. You decide to just list off a complete list of everything you see in the room, because hey, why not?



There is an exit to the east. Don't worry, it is unblocked. There is an exit to the north. Don't worry, it is unblocked. You need an unblocked exit? You should try going south. You need an unblocked exit? You should try going west.",You are carrying nothing.,0 of 1,0.0,False,
5,,,I will follow the instructions and first try to go south from the recreation zone.,go south,,"Ah, the parlor. This is some kind of parlor, really great fun vibes in this place, a wonderful fun atmosphere. And now, well, you're in it. You begin to take stock of what's in the room.



There is an unguarded exit to the north.",Fun Parlor,"Ah, the parlor. This is some kind of parlor, really great fun vibes in this place, a wonderful fun atmosphere. And now, well, you're in it. You begin to take stock of what's in the room.



There is an unguarded exit to the north.",You are carrying nothing.,0 of 1,0.0,False,
6,,,"I will follow the instructions step-by-step, starting by going south from the Fun Parlor.",go south,,You can't go that way.,Fun Parlor,"Ah, the parlor. This is some kind of parlor, really great fun vibes in this place, a wonderful fun atmosphere. And now, well, you're in it. You begin to take stock of what's in the room.



There is an unguarded exit to the north.",You are carrying nothing.,0 of 1,0.0,False,
7,,,I should go north since the exit is unguarded and going south is not possible.,go north,,"You're now in the recreation zone. You decide to just list off a complete list of everything you see in the room, because hey, why not?



There is an exit to the east. Don't worry, it is unblocked. There is an exit to the north. Don't worry, it is unblocked. You need an unblocked exit? You should try going south. You need an unblocked exit? You should try going west.",Recreation Zone,"You're now in the recreation zone. You decide to just list off a complete list of everything you see in the room, because hey, why not?



There is an exit to the east. Don't worry, it is unblocked. There is an exit to the north. Don't worry, it is unblocked. You need an unblocked exit? You should try going south. You need an unblocked exit? You should try going west.",You are carrying nothing.,0 of 1,0.0,False,
8,,,I should go east from the recreation zone.,go east,,"Well, here we are in the steamy scullery. You begin looking for stuff.



There is an exit to the east. Don't worry, it is unguarded. There is an unblocked exit to the north. You don't like doors? Why not try going south, that entranceway is unblocked. You need an unblocked exit? You should try going west.",Steamy Scullery,"Well, here we are in the steamy scullery. You begin looking for stuff.



There is an exit to the east. Don't worry, it is unguarded. There is an unblocked exit to the north. You don't like doors? Why not try going south, that entranceway is unblocked. You need an unblocked exit? You should try going west.",You are carrying nothing.,0 of 1,0.0,False,
9,,,I will go south as the entranceway is unblocked and it is one of the directions mentioned in the task.,go south,,"You find yourself in a cellar. A stuffed one. I guess you better just go and list everything you see here.



You don't like doors? Why not try going north, that entranceway is unblocked.",Stuffed Cellar,"You find yourself in a cellar. A stuffed one. I guess you better just go and list everything you see here.



You don't like doors? Why not try going north, that entranceway is unblocked.",You are carrying nothing.,0 of 1,0.0,False,
10,,,I should look around the Stuffed Cellar to list everything I see here.,look,,"You find yourself in a cellar. A stuffed one. I guess you better just go and list everything you see here.



You don't like doors? Why not try going north, that entranceway is unblocked.",Stuffed Cellar,"You find yourself in a cellar. A stuffed one. I guess you better just go and list everything you see here.



You don't like doors? Why not try going north, that entranceway is unblocked.",You are carrying nothing.,0 of 1,0.0,False,
11,,,I should go north since the entranceway is unblocked.,go north,,"Well, here we are in the steamy scullery. You begin looking for stuff.



There is an exit to the east. Don't worry, it is unguarded. There is an unblocked exit to the north. You don't like doors? Why not try going south, that entranceway is unblocked. You need an unblocked exit? You should try going west.",Steamy Scullery,"Well, here we are in the steamy scullery. You begin looking for stuff.



There is an exit to the east. Don't worry, it is unguarded. There is an unblocked exit to the north. You don't like doors? Why not try going south, that entranceway is unblocked. You need an unblocked exit? You should try going west.",You are carrying nothing.,0 of 1,0.0,False,
12,,,I will go south from the Steamy Scullery as it is an unblocked entranceway.,go south,,"You find yourself in a cellar. A stuffed one. I guess you better just go and list everything you see here.



You don't like doors? Why not try going north, that entranceway is unblocked.",Stuffed Cellar,"You find yourself in a cellar. A stuffed one. I guess you better just go and list everything you see here.



You don't like doors? Why not try going north, that entranceway is unblocked.",You are carrying nothing.,0 of 1,0.0,False,
13,,,I should look around the Stuffed Cellar to list everything I see here.,look,,"You find yourself in a cellar. A stuffed one. I guess you better just go and list everything you see here.



You don't like doors? Why not try going north, that entranceway is unblocked.",Stuffed Cellar,"You find yourself in a cellar. A stuffed one. I guess you better just go and list everything you see here.



You don't like doors? Why not try going north, that entranceway is unblocked.",You are carrying nothing.,0 of 1,0.0,False,
14,,,I should go north since the entranceway is unblocked and there is no door blocking the way.,go north,,"Well, here we are in the steamy scullery. You begin looking for stuff.



There is an exit to the east. Don't worry, it is unguarded. There is an unblocked exit to the north. You don't like doors? Why not try going south, that entranceway is unblocked. You need an unblocked exit? You should try going west.",Steamy Scullery,"Well, here we are in the steamy scullery. You begin looking for stuff.



There is an exit to the east. Don't worry, it is unguarded. There is an unblocked exit to the north. You don't like doors? Why not try going south, that entranceway is unblocked. You need an unblocked exit? You should try going west.",You are carrying nothing.,0 of 1,0.0,False,
15,,,I will go east as the first step of the instructions.,go east,,"You arrive in a workshop. A silent one.



You don't like doors? Why not try going east, that entranceway is unguarded. You need an unblocked exit? You should try going north. There is an unguarded exit to the south. There is an unguarded exit to the west.",Silent Workshop,"You arrive in a workshop. A silent one.



You don't like doors? Why not try going east, that entranceway is unguarded. You need an unblocked exit? You should try going north. There is an unguarded exit to the south. There is an unguarded exit to the west.",You are carrying nothing.,0 of 1,0.0,False,
16,,,I should go east through the unguarded entranceway.,go east,,"Well how about that, you are in a place we're calling a clean bathroom.



There is an exit to the east. Don't worry, it is unguarded. There is an unblocked exit to the north. You don't like doors? Why not try going south, that entranceway is unblocked. There is an unblocked exit to the west.",Clean Bathroom,"Well how about that, you are in a place we're calling a clean bathroom.



There is an exit to the east. Don't worry, it is unguarded. There is an unblocked exit to the north. You don't like doors? Why not try going south, that entranceway is unblocked. There is an unblocked exit to the west.",You are carrying nothing.,0 of 1,0.0,False,
17,,,I will go east as the next step in the sequence.,go east,,"You've just sauntered into a misty shower.



There is an exit to the west. Don't worry, it is unblocked.",Misty Shower,"You've just sauntered into a misty shower.



There is an exit to the west. Don't worry, it is unblocked.",You are carrying nothing.,0 of 1,0.0,False,
18,,,I should go west to continue exploring and follow the instructions.,go west,,"Well how about that, you are in a place we're calling a clean bathroom.



There is an exit to the east. Don't worry, it is unguarded. There is an unblocked exit to the north. You don't like doors? Why not try going south, that entranceway is unblocked. There is an unblocked exit to the west.",Clean Bathroom,"Well how about that, you are in a place we're calling a clean bathroom.



There is an exit to the east. Don't worry, it is unguarded. There is an unblocked exit to the north. You don't like doors? Why not try going south, that entranceway is unblocked. There is an unblocked exit to the west.",You are carrying nothing.,0 of 1,0.0,False,
19,,,I should go east from the clean bathroom.,go east,,"You've just sauntered into a misty shower.



There is an exit to the west. Don't worry, it is unblocked.",Misty Shower,"You've just sauntered into a misty shower.



There is an exit to the west. Don't worry, it is unblocked.",You are carrying nothing.,0 of 1,0.0,False,
20,,,I should go west as it is the only exit from the Misty Shower.,go west,,"Well how about that, you are in a place we're calling a clean bathroom.



There is an exit to the east. Don't worry, it is unguarded. There is an unblocked exit to the north. You don't like doors? Why not try going south, that entranceway is unblocked. There is an unblocked exit to the west.",Clean Bathroom,"Well how about that, you are in a place we're calling a clean bathroom.



There is an exit to the east. Don't worry, it is unguarded. There is an unblocked exit to the north. You don't like doors? Why not try going south, that entranceway is unblocked. There is an unblocked exit to the west.",You are carrying nothing.,0 of 1,0.0,False,
21,,,I will go east as the next step in the sequence.,go east,,"You've just sauntered into a misty shower.



There is an exit to the west. Don't worry, it is unblocked.",Misty Shower,"You've just sauntered into a misty shower.



There is an exit to the west. Don't worry, it is unblocked.",You are carrying nothing.,0 of 1,0.0,False,
22,,,I should go west to continue exploring and follow the instructions.,go west,,"Well how about that, you are in a place we're calling a clean bathroom.



There is an exit to the east. Don't worry, it is unguarded. There is an unblocked exit to the north. You don't like doors? Why not try going south, that entranceway is unblocked. There is an unblocked exit to the west.",Clean Bathroom,"Well how about that, you are in a place we're calling a clean bathroom.



There is an exit to the east. Don't worry, it is unguarded. There is an unblocked exit to the north. You don't like doors? Why not try going south, that entranceway is unblocked. There is an unblocked exit to the west.",You are carrying nothing.,0 of 1,0.0,False,
23,,,I will go east as the first step from the clean bathroom.,go east,,"You've just sauntered into a misty shower.



There is an exit to the west. Don't worry, it is unblocked.",Misty Shower,"You've just sauntered into a misty shower.



There is an exit to the west. Don't worry, it is unblocked.",You are carrying nothing.,0 of 1,0.0,False,
24,,,I should go west to continue exploring and eventually find the cheap launderette to retrieve the coin.,go west,,"Well how about that, you are in a place we're calling a clean bathroom.



There is an exit to the east. Don't worry, it is unguarded. There is an unblocked exit to the north. You don't like doors? Why not try going south, that entranceway is unblocked. There is an unblocked exit to the west.",Clean Bathroom,"Well how about that, you are in a place we're calling a clean bathroom.



There is an exit to the east. Don't worry, it is unguarded. There is an unblocked exit to the north. You don't like doors? Why not try going south, that entranceway is unblocked. There is an unblocked exit to the west.",You are carrying nothing.,0 of 1,0.0,False,
25,,,I will go east as the first step of the instructions.,go east,,"You've just sauntered into a misty shower.



There is an exit to the west. Don't worry, it is unblocked.",Misty Shower,"You've just sauntered into a misty shower.



There is an exit to the west. Don't worry, it is unblocked.",You are carrying nothing.,0 of 1,0.0,False,
26,,,I should go west to continue exploring and eventually find the cheap launderette to retrieve the coin.,go west,,"Well how about that, you are in a place we're calling a clean bathroom.



There is an exit to the east. Don't worry, it is unguarded. There is an unblocked exit to the north. You don't like doors? Why not try going south, that entranceway is unblocked. There is an unblocked exit to the west.",Clean Bathroom,"Well how about that, you are in a place we're calling a clean bathroom.



There is an exit to the east. Don't worry, it is unguarded. There is an unblocked exit to the north. You don't like doors? Why not try going south, that entranceway is unblocked. There is an unblocked exit to the west.",You are carrying nothing.,0 of 1,0.0,False,
27,,,I should go south from the clean bathroom as the entranceway is unblocked.,go south,,"You've come into an unreasonably hot room. Your mind races to think of what kind of room would be unreasonably hot. And then it hits you. Of course. You're in the unreasonably hot cookery.



There is an exit to the north. Don't worry, it is unblocked.",Unreasonably Hot Cookery,"You've come into an unreasonably hot room. Your mind races to think of what kind of room would be unreasonably hot. And then it hits you. Of course. You're in the unreasonably hot cookery.



There is an exit to the north. Don't worry, it is unblocked.",You are carrying nothing.,0 of 1,0.0,False,
28,,,I should go north to leave the unreasonably hot cookery.,go north,,"Well how about that, you are in a place we're calling a clean bathroom.



There is an exit to the east. Don't worry, it is unguarded. There is an unblocked exit to the north. You don't like doors? Why not try going south, that entranceway is unblocked. There is an unblocked exit to the west.",Clean Bathroom,"Well how about that, you are in a place we're calling a clean bathroom.



There is an exit to the east. Don't worry, it is unguarded. There is an unblocked exit to the north. You don't like doors? Why not try going south, that entranceway is unblocked. There is an unblocked exit to the west.",You are carrying nothing.,0 of 1,0.0,False,
29,,,I will go south as the entranceway is unblocked.,go south,,"You've come into an unreasonably hot room. Your mind races to think of what kind of room would be unreasonably hot. And then it hits you. Of course. You're in the unreasonably hot cookery.



There is an exit to the north. Don't worry, it is unblocked.",Unreasonably Hot Cookery,"You've come into an unreasonably hot room. Your mind races to think of what kind of room would be unreasonably hot. And then it hits you. Of course. You're in the unreasonably hot cookery.



There is an exit to the north. Don't worry, it is unblocked.",You are carrying nothing.,0 of 1,0.0,False,
30,,,I should go north to leave the unreasonably hot cookery.,go north,,"Well how about that, you are in a place we're calling a clean bathroom.



There is an exit to the east. Don't worry, it is unguarded. There is an unblocked exit to the north. You don't like doors? Why not try going south, that entranceway is unblocked. There is an unblocked exit to the west.",Clean Bathroom,"Well how about that, you are in a place we're calling a clean bathroom.



There is an exit to the east. Don't worry, it is unguarded. There is an unblocked exit to the north. You don't like doors? Why not try going south, that entranceway is unblocked. There is an unblocked exit to the west.",You are carrying nothing.,0 of 1,0.0,False,
31,,,I will go east as the exit is unguarded and available.,go east,,"You've just sauntered into a misty shower.



There is an exit to the west. Don't worry, it is unblocked.",Misty Shower,"You've just sauntered into a misty shower.



There is an exit to the west. Don't worry, it is unblocked.",You are carrying nothing.,0 of 1,0.0,False,
32,,,I should go west to continue exploring and eventually find the cheap launderette to retrieve the coin.,go west,,"Well how about that, you are in a place we're calling a clean bathroom.



There is an exit to the east. Don't worry, it is unguarded. There is an unblocked exit to the north. You don't like doors? Why not try going south, that entranceway is unblocked. There is an unblocked exit to the west.",Clean Bathroom,"Well how about that, you are in a place we're calling a clean bathroom.



There is an exit to the east. Don't worry, it is unguarded. There is an unblocked exit to the north. You don't like doors? Why not try going south, that entranceway is unblocked. There is an unblocked exit to the west.",You are carrying nothing.,0 of 1,0.0,False,
33,,,I will go south as the entranceway is unblocked.,go south,,"You've come into an unreasonably hot room. Your mind races to think of what kind of room would be unreasonably hot. And then it hits you. Of course. You're in the unreasonably hot cookery.



There is an exit to the north. Don't worry, it is unblocked.",Unreasonably Hot Cookery,"You've come into an unreasonably hot room. Your mind races to think of what kind of room would be unreasonably hot. And then it hits you. Of course. You're in the unreasonably hot cookery.



There is an exit to the north. Don't worry, it is unblocked.",You are carrying nothing.,0 of 1,0.0,False,
34,,,I should go north to leave the unreasonably hot cookery.,go north,,"Well how about that, you are in a place we're calling a clean bathroom.



There is an exit to the east. Don't worry, it is unguarded. There is an unblocked exit to the north. You don't like doors? Why not try going south, that entranceway is unblocked. There is an unblocked exit to the west.",Clean Bathroom,"Well how about that, you are in a place we're calling a clean bathroom.



There is an exit to the east. Don't worry, it is unguarded. There is an unblocked exit to the north. You don't like doors? Why not try going south, that entranceway is unblocked. There is an unblocked exit to the west.",You are carrying nothing.,0 of 1,0.0,False,
35,,,I should go east as the exit is unguarded and available.,go east,,"You've just sauntered into a misty shower.



There is an exit to the west. Don't worry, it is unblocked.",Misty Shower,"You've just sauntered into a misty shower.



There is an exit to the west. Don't worry, it is unblocked.",You are carrying nothing.,0 of 1,0.0,False,
36,,,I should go west to continue exploring and possibly find the coin.,go west,,"Well how about that, you are in a place we're calling a clean bathroom.



There is an exit to the east. Don't worry, it is unguarded. There is an unblocked exit to the north. You don't like doors? Why not try going south, that entranceway is unblocked. There is an unblocked exit to the west.",Clean Bathroom,"Well how about that, you are in a place we're calling a clean bathroom.



There is an exit to the east. Don't worry, it is unguarded. There is an unblocked exit to the north. You don't like doors? Why not try going south, that entranceway is unblocked. There is an unblocked exit to the west.",You are carrying nothing.,0 of 1,0.0,False,
37,,,I should go south from the clean bathroom as the entranceway is unblocked.,go south,,"You've come into an unreasonably hot room. Your mind races to think of what kind of room would be unreasonably hot. And then it hits you. Of course. You're in the unreasonably hot cookery.



There is an exit to the north. Don't worry, it is unblocked.",Unreasonably Hot Cookery,"You've come into an unreasonably hot room. Your mind races to think of what kind of room would be unreasonably hot. And then it hits you. Of course. You're in the unreasonably hot cookery.



There is an exit to the north. Don't worry, it is unblocked.",You are carrying nothing.,0 of 1,0.0,False,
38,,,I should go north to leave the unreasonably hot cookery.,go north,,"Well how about that, you are in a place we're calling a clean bathroom.



There is an exit to the east. Don't worry, it is unguarded. There is an unblocked exit to the north. You don't like doors? Why not try going south, that entranceway is unblocked. There is an unblocked exit to the west.",Clean Bathroom,"Well how about that, you are in a place we're calling a clean bathroom.



There is an exit to the east. Don't worry, it is unguarded. There is an unblocked exit to the north. You don't like doors? Why not try going south, that entranceway is unblocked. There is an unblocked exit to the west.",You are carrying nothing.,0 of 1,0.0,False,
39,,,I should go south as the entranceway is unblocked.,go south,,"You've come into an unreasonably hot room. Your mind races to think of what kind of room would be unreasonably hot. And then it hits you. Of course. You're in the unreasonably hot cookery.



There is an exit to the north. Don't worry, it is unblocked.",Unreasonably Hot Cookery,"You've come into an unreasonably hot room. Your mind races to think of what kind of room would be unreasonably hot. And then it hits you. Of course. You're in the unreasonably hot cookery.



There is an exit to the north. Don't worry, it is unblocked.",You are carrying nothing.,0 of 1,0.0,False,
40,,,I should go north to leave the unreasonably hot cookery and continue exploring.,go north,,"Well how about that, you are in a place we're calling a clean bathroom.



There is an exit to the east. Don't worry, it is unguarded. There is an unblocked exit to the north. You don't like doors? Why not try going south, that entranceway is unblocked. There is an unblocked exit to the west.",Clean Bathroom,"Well how about that, you are in a place we're calling a clean bathroom.



There is an exit to the east. Don't worry, it is unguarded. There is an unblocked exit to the north. You don't like doors? Why not try going south, that entranceway is unblocked. There is an unblocked exit to the west.",You are carrying nothing.,0 of 1,0.0,False,
41,,,I should go south from the clean bathroom as the entranceway is unblocked.,go south,,"You've come into an unreasonably hot room. Your mind races to think of what kind of room would be unreasonably hot. And then it hits you. Of course. You're in the unreasonably hot cookery.



There is an exit to the north. Don't worry, it is unblocked.",Unreasonably Hot Cookery,"You've come into an unreasonably hot room. Your mind races to think of what kind of room would be unreasonably hot. And then it hits you. Of course. You're in the unreasonably hot cookery.



There is an exit to the north. Don't worry, it is unblocked.",You are carrying nothing.,0 of 1,0.0,False,
42,,,I should go north to leave the unreasonably hot cookery and continue exploring.,go north,,"Well how about that, you are in a place we're calling a clean bathroom.



There is an exit to the east. Don't worry, it is unguarded. There is an unblocked exit to the north. You don't like doors? Why not try going south, that entranceway is unblocked. There is an unblocked exit to the west.",Clean Bathroom,"Well how about that, you are in a place we're calling a clean bathroom.



There is an exit to the east. Don't worry, it is unguarded. There is an unblocked exit to the north. You don't like doors? Why not try going south, that entranceway is unblocked. There is an unblocked exit to the west.",You are carrying nothing.,0 of 1,0.0,False,
43,,,I will go south as the entranceway is unblocked.,go south,,"You've come into an unreasonably hot room. Your mind races to think of what kind of room would be unreasonably hot. And then it hits you. Of course. You're in the unreasonably hot cookery.



There is an exit to the north. Don't worry, it is unblocked.",Unreasonably Hot Cookery,"You've come into an unreasonably hot room. Your mind races to think of what kind of room would be unreasonably hot. And then it hits you. Of course. You're in the unreasonably hot cookery.



There is an exit to the north. Don't worry, it is unblocked.",You are carrying nothing.,0 of 1,0.0,False,
44,,,I should go north to leave the unreasonably hot cookery and continue exploring.,go north,,"Well how about that, you are in a place we're calling a clean bathroom.



There is an exit to the east. Don't worry, it is unguarded. There is an unblocked exit to the north. You don't like doors? Why not try going south, that entranceway is unblocked. There is an unblocked exit to the west.",Clean Bathroom,"Well how about that, you are in a place we're calling a clean bathroom.



There is an exit to the east. Don't worry, it is unguarded. There is an unblocked exit to the north. You don't like doors? Why not try going south, that entranceway is unblocked. There is an unblocked exit to the west.",You are carrying nothing.,0 of 1,0.0,False,
45,,,I should go south from the clean bathroom as the entranceway is unblocked.,go south,,"You've come into an unreasonably hot room. Your mind races to think of what kind of room would be unreasonably hot. And then it hits you. Of course. You're in the unreasonably hot cookery.



There is an exit to the north. Don't worry, it is unblocked.",Unreasonably Hot Cookery,"You've come into an unreasonably hot room. Your mind races to think of what kind of room would be unreasonably hot. And then it hits you. Of course. You're in the unreasonably hot cookery.



There is an exit to the north. Don't worry, it is unblocked.",You are carrying nothing.,0 of 1,0.0,False,
46,,,I should go north to leave the unreasonably hot cookery and continue exploring.,go north,,"Well how about that, you are in a place we're calling a clean bathroom.



There is an exit to the east. Don't worry, it is unguarded. There is an unblocked exit to the north. You don't like doors? Why not try going south, that entranceway is unblocked. There is an unblocked exit to the west.",Clean Bathroom,"Well how about that, you are in a place we're calling a clean bathroom.



There is an exit to the east. Don't worry, it is unguarded. There is an unblocked exit to the north. You don't like doors? Why not try going south, that entranceway is unblocked. There is an unblocked exit to the west.",You are carrying nothing.,0 of 1,0.0,False,
47,,,I should go south from the clean bathroom.,go south,,"You've come into an unreasonably hot room. Your mind races to think of what kind of room would be unreasonably hot. And then it hits you. Of course. You're in the unreasonably hot cookery.



There is an exit to the north. Don't worry, it is unblocked.",Unreasonably Hot Cookery,"You've come into an unreasonably hot room. Your mind races to think of what kind of room would be unreasonably hot. And then it hits you. Of course. You're in the unreasonably hot cookery.



There is an exit to the north. Don't worry, it is unblocked.",You are carrying nothing.,0 of 1,0.0,False,
48,,,I should go north to leave the unreasonably hot cookery.,go north,,"Well how about that, you are in a place we're calling a clean bathroom.



There is an exit to the east. Don't worry, it is unguarded. There is an unblocked exit to the north. You don't like doors? Why not try going south, that entranceway is unblocked. There is an unblocked exit to the west.",Clean Bathroom,"Well how about that, you are in a place we're calling a clean bathroom.



There is an exit to the east. Don't worry, it is unguarded. There is an unblocked exit to the north. You don't like doors? Why not try going south, that entranceway is unblocked. There is an unblocked exit to the west.",You are carrying nothing.,0 of 1,0.0,False,
49,,,I should go south from the clean bathroom.,go south,,"You've come into an unreasonably hot room. Your mind races to think of what kind of room would be unreasonably hot. And then it hits you. Of course. You're in the unreasonably hot cookery.



There is an exit to the north. Don't worry, it is unblocked.",Unreasonably Hot Cookery,"You've come into an unreasonably hot room. Your mind races to think of what kind of room would be unreasonably hot. And then it hits you. Of course. You're in the unreasonably hot cookery.



There is an exit to the north. Don't worry, it is unblocked.",You are carrying nothing.,0 of 1,0.0,False,
50,,,I should go north to leave the unreasonably hot cookery.,go north,,"Well how about that, you are in a place we're calling a clean bathroom.



There is an exit to the east. Don't worry, it is unguarded. There is an unblocked exit to the north. You don't like doors? Why not try going south, that entranceway is unblocked. There is an unblocked exit to the west.",Clean Bathroom,"Well how about that, you are in a place we're calling a clean bathroom.



There is an exit to the east. Don't worry, it is unguarded. There is an unblocked exit to the north. You don't like doors? Why not try going south, that entranceway is unblocked. There is an unblocked exit to the west.",You are carrying nothing.,0 of 1,0.0,False,
51,,,I will go south as the entranceway is unblocked and it is suggested as an option.,go south,,"You've come into an unreasonably hot room. Your mind races to think of what kind of room would be unreasonably hot. And then it hits you. Of course. You're in the unreasonably hot cookery.



There is an exit to the north. Don't worry, it is unblocked.",Unreasonably Hot Cookery,"You've come into an unreasonably hot room. Your mind races to think of what kind of room would be unreasonably hot. And then it hits you. Of course. You're in the unreasonably hot cookery.



There is an exit to the north. Don't worry, it is unblocked.",You are carrying nothing.,0 of 1,0.0,False,
52,,,I should go north to leave the unreasonably hot cookery and continue exploring.,go north,,"Well how about that, you are in a place we're calling a clean bathroom.



There is an exit to the east. Don't worry, it is unguarded. There is an unblocked exit to the north. You don't like doors? Why not try going south, that entranceway is unblocked. There is an unblocked exit to the west.",Clean Bathroom,"Well how about that, you are in a place we're calling a clean bathroom.



There is an exit to the east. Don't worry, it is unguarded. There is an unblocked exit to the north. You don't like doors? Why not try going south, that entranceway is unblocked. There is an unblocked exit to the west.",You are carrying nothing.,0 of 1,0.0,False,
53,,,I will go south as the entranceway is unblocked.,go south,,"You've come into an unreasonably hot room. Your mind races to think of what kind of room would be unreasonably hot. And then it hits you. Of course. You're in the unreasonably hot cookery.



There is an exit to the north. Don't worry, it is unblocked.",Unreasonably Hot Cookery,"You've come into an unreasonably hot room. Your mind races to think of what kind of room would be unreasonably hot. And then it hits you. Of course. You're in the unreasonably hot cookery.



There is an exit to the north. Don't worry, it is unblocked.",You are carrying nothing.,0 of 1,0.0,False,
54,,,I should go north to leave the unreasonably hot cookery.,go north,,"Well how about that, you are in a place we're calling a clean bathroom.



There is an exit to the east. Don't worry, it is unguarded. There is an unblocked exit to the north. You don't like doors? Why not try going south, that entranceway is unblocked. There is an unblocked exit to the west.",Clean Bathroom,"Well how about that, you are in a place we're calling a clean bathroom.



There is an exit to the east. Don't worry, it is unguarded. There is an unblocked exit to the north. You don't like doors? Why not try going south, that entranceway is unblocked. There is an unblocked exit to the west.",You are carrying nothing.,0 of 1,0.0,False,
55,,,I will go south as the entranceway is unblocked.,go south,,"You've come into an unreasonably hot room. Your mind races to think of what kind of room would be unreasonably hot. And then it hits you. Of course. You're in the unreasonably hot cookery.



There is an exit to the north. Don't worry, it is unblocked.",Unreasonably Hot Cookery,"You've come into an unreasonably hot room. Your mind races to think of what kind of room would be unreasonably hot. And then it hits you. Of course. You're in the unreasonably hot cookery.



There is an exit to the north. Don't worry, it is unblocked.",You are carrying nothing.,0 of 1,0.0,False,
56,,,I should go north to leave the unreasonably hot cookery.,go north,,"Well how about that, you are in a place we're calling a clean bathroom.



There is an exit to the east. Don't worry, it is unguarded. There is an unblocked exit to the north. You don't like doors? Why not try going south, that entranceway is unblocked. There is an unblocked exit to the west.",Clean Bathroom,"Well how about that, you are in a place we're calling a clean bathroom.



There is an exit to the east. Don't worry, it is unguarded. There is an unblocked exit to the north. You don't like doors? Why not try going south, that entranceway is unblocked. There is an unblocked exit to the west.",You are carrying nothing.,0 of 1,0.0,False,
57,,,I should go south from the clean bathroom as the entranceway is unblocked.,go south,,"You've come into an unreasonably hot room. Your mind races to think of what kind of room would be unreasonably hot. And then it hits you. Of course. You're in the unreasonably hot cookery.



There is an exit to the north. Don't worry, it is unblocked.",Unreasonably Hot Cookery,"You've come into an unreasonably hot room. Your mind races to think of what kind of room would be unreasonably hot. And then it hits you. Of course. You're in the unreasonably hot cookery.



There is an exit to the north. Don't worry, it is unblocked.",You are carrying nothing.,0 of 1,0.0,False,
58,,,I should go north to leave the unreasonably hot cookery and continue exploring.,go north,,"Well how about that, you are in a place we're calling a clean bathroom.



There is an exit to the east. Don't worry, it is unguarded. There is an unblocked exit to the north. You don't like doors? Why not try going south, that entranceway is unblocked. There is an unblocked exit to the west.",Clean Bathroom,"Well how about that, you are in a place we're calling a clean bathroom.



There is an exit to the east. Don't worry, it is unguarded. There is an unblocked exit to the north. You don't like doors? Why not try going south, that entranceway is unblocked. There is an unblocked exit to the west.",You are carrying nothing.,0 of 1,0.0,False,
59,,,I will go south from the clean bathroom as the entranceway is unblocked.,go south,,"You've come into an unreasonably hot room. Your mind races to think of what kind of room would be unreasonably hot. And then it hits you. Of course. You're in the unreasonably hot cookery.



There is an exit to the north. Don't worry, it is unblocked.",Unreasonably Hot Cookery,"You've come into an unreasonably hot room. Your mind races to think of what kind of room would be unreasonably hot. And then it hits you. Of course. You're in the unreasonably hot cookery.



There is an exit to the north. Don't worry, it is unblocked.",You are carrying nothing.,0 of 1,0.0,False,
60,,,I should go north to leave the unreasonably hot cookery and continue exploring.,go north,,"Well how about that, you are in a place we're calling a clean bathroom.



There is an exit to the east. Don't worry, it is unguarded. There is an unblocked exit to the north. You don't like doors? Why not try going south, that entranceway is unblocked. There is an unblocked exit to the west.",Clean Bathroom,"Well how about that, you are in a place we're calling a clean bathroom.



There is an exit to the east. Don't worry, it is unguarded. There is an unblocked exit to the north. You don't like doors? Why not try going south, that entranceway is unblocked. There is an unblocked exit to the west.",You are carrying nothing.,0 of 1,0.0,False,
61,,,I will go south as the entranceway is unblocked.,go south,,"You've come into an unreasonably hot room. Your mind races to think of what kind of room would be unreasonably hot. And then it hits you. Of course. You're in the unreasonably hot cookery.



There is an exit to the north. Don't worry, it is unblocked.",Unreasonably Hot Cookery,"You've come into an unreasonably hot room. Your mind races to think of what kind of room would be unreasonably hot. And then it hits you. Of course. You're in the unreasonably hot cookery.



There is an exit to the north. Don't worry, it is unblocked.",You are carrying nothing.,0 of 1,0.0,False,
62,,,I should go north to leave the unreasonably hot cookery and continue exploring.,go north,,"Well how about that, you are in a place we're calling a clean bathroom.



There is an exit to the east. Don't worry, it is unguarded. There is an unblocked exit to the north. You don't like doors? Why not try going south, that entranceway is unblocked. There is an unblocked exit to the west.",Clean Bathroom,"Well how about that, you are in a place we're calling a clean bathroom.



There is an exit to the east. Don't worry, it is unguarded. There is an unblocked exit to the north. You don't like doors? Why not try going south, that entranceway is unblocked. There is an unblocked exit to the west.",You are carrying nothing.,0 of 1,0.0,False,
63,,,I should go south from the clean bathroom as the entranceway is unblocked.,go south,,"You've come into an unreasonably hot room. Your mind races to think of what kind of room would be unreasonably hot. And then it hits you. Of course. You're in the unreasonably hot cookery.



There is an exit to the north. Don't worry, it is unblocked.",Unreasonably Hot Cookery,"You've come into an unreasonably hot room. Your mind races to think of what kind of room would be unreasonably hot. And then it hits you. Of course. You're in the unreasonably hot cookery.



There is an exit to the north. Don't worry, it is unblocked.",You are carrying nothing.,0 of 1,0.0,False,
64,,,I should go north to leave the unreasonably hot cookery.,go north,,"Well how about that, you are in a place we're calling a clean bathroom.



There is an exit to the east. Don't worry, it is unguarded. There is an unblocked exit to the north. You don't like doors? Why not try going south, that entranceway is unblocked. There is an unblocked exit to the west.",Clean Bathroom,"Well how about that, you are in a place we're calling a clean bathroom.



There is an exit to the east. Don't worry, it is unguarded. There is an unblocked exit to the north. You don't like doors? Why not try going south, that entranceway is unblocked. There is an unblocked exit to the west.",You are carrying nothing.,0 of 1,0.0,False,
65,,,I should go south from the clean bathroom as the entranceway is unblocked.,go south,,"You've come into an unreasonably hot room. Your mind races to think of what kind of room would be unreasonably hot. And then it hits you. Of course. You're in the unreasonably hot cookery.



There is an exit to the north. Don't worry, it is unblocked.",Unreasonably Hot Cookery,"You've come into an unreasonably hot room. Your mind races to think of what kind of room would be unreasonably hot. And then it hits you. Of course. You're in the unreasonably hot cookery.



There is an exit to the north. Don't worry, it is unblocked.",You are carrying nothing.,0 of 1,0.0,False,
66,,,I should go north to leave the unreasonably hot cookery.,go north,,"Well how about that, you are in a place we're calling a clean bathroom.



There is an exit to the east. Don't worry, it is unguarded. There is an unblocked exit to the north. You don't like doors? Why not try going south, that entranceway is unblocked. There is an unblocked exit to the west.",Clean Bathroom,"Well how about that, you are in a place we're calling a clean bathroom.



There is an exit to the east. Don't worry, it is unguarded. There is an unblocked exit to the north. You don't like doors? Why not try going south, that entranceway is unblocked. There is an unblocked exit to the west.",You are carrying nothing.,0 of 1,0.0,False,
67,,,I should go south from the clean bathroom as the entranceway is unblocked.,go south,,"You've come into an unreasonably hot room. Your mind races to think of what kind of room would be unreasonably hot. And then it hits you. Of course. You're in the unreasonably hot cookery.



There is an exit to the north. Don't worry, it is unblocked.",Unreasonably Hot Cookery,"You've come into an unreasonably hot room. Your mind races to think of what kind of room would be unreasonably hot. And then it hits you. Of course. You're in the unreasonably hot cookery.



There is an exit to the north. Don't worry, it is unblocked.",You are carrying nothing.,0 of 1,0.0,False,
68,,,I should go north to leave the unreasonably hot cookery and continue exploring.,go north,,"Well how about that, you are in a place we're calling a clean bathroom.



There is an exit to the east. Don't worry, it is unguarded. There is an unblocked exit to the north. You don't like doors? Why not try going south, that entranceway is unblocked. There is an unblocked exit to the west.",Clean Bathroom,"Well how about that, you are in a place we're calling a clean bathroom.



There is an exit to the east. Don't worry, it is unguarded. There is an unblocked exit to the north. You don't like doors? Why not try going south, that entranceway is unblocked. There is an unblocked exit to the west.",You are carrying nothing.,0 of 1,0.0,False,
69,,,I should go south from the clean bathroom.,go south,,"You've come into an unreasonably hot room. Your mind races to think of what kind of room would be unreasonably hot. And then it hits you. Of course. You're in the unreasonably hot cookery.



There is an exit to the north. Don't worry, it is unblocked.",Unreasonably Hot Cookery,"You've come into an unreasonably hot room. Your mind races to think of what kind of room would be unreasonably hot. And then it hits you. Of course. You're in the unreasonably hot cookery.



There is an exit to the north. Don't worry, it is unblocked.",You are carrying nothing.,0 of 1,0.0,False,
70,,,I should go north to leave the unreasonably hot cookery and continue exploring.,go north,,"Well how about that, you are in a place we're calling a clean bathroom.



There is an exit to the east. Don't worry, it is unguarded. There is an unblocked exit to the north. You don't like doors? Why not try going south, that entranceway is unblocked. There is an unblocked exit to the west.",Clean Bathroom,"Well how about that, you are in a place we're calling a clean bathroom.



There is an exit to the east. Don't worry, it is unguarded. There is an unblocked exit to the north. You don't like doors? Why not try going south, that entranceway is unblocked. There is an unblocked exit to the west.",You are carrying nothing.,0 of 1,0.0,False,
71,,,I should go south from the clean bathroom.,go south,,"You've come into an unreasonably hot room. Your mind races to think of what kind of room would be unreasonably hot. And then it hits you. Of course. You're in the unreasonably hot cookery.



There is an exit to the north. Don't worry, it is unblocked.",Unreasonably Hot Cookery,"You've come into an unreasonably hot room. Your mind races to think of what kind of room would be unreasonably hot. And then it hits you. Of course. You're in the unreasonably hot cookery.



There is an exit to the north. Don't worry, it is unblocked.",You are carrying nothing.,0 of 1,0.0,False,
72,,,I should go north to leave the unreasonably hot cookery.,go north,,"Well how about that, you are in a place we're calling a clean bathroom.



There is an exit to the east. Don't worry, it is unguarded. There is an unblocked exit to the north. You don't like doors? Why not try going south, that entranceway is unblocked. There is an unblocked exit to the west.",Clean Bathroom,"Well how about that, you are in a place we're calling a clean bathroom.



There is an exit to the east. Don't worry, it is unguarded. There is an unblocked exit to the north. You don't like doors? Why not try going south, that entranceway is unblocked. There is an unblocked exit to the west.",You are carrying nothing.,0 of 1,0.0,False,
73,,,I should go south from the clean bathroom.,go south,,"You've come into an unreasonably hot room. Your mind races to think of what kind of room would be unreasonably hot. And then it hits you. Of course. You're in the unreasonably hot cookery.



There is an exit to the north. Don't worry, it is unblocked.",Unreasonably Hot Cookery,"You've come into an unreasonably hot room. Your mind races to think of what kind of room would be unreasonably hot. And then it hits you. Of course. You're in the unreasonably hot cookery.



There is an exit to the north. Don't worry, it is unblocked.",You are carrying nothing.,0 of 1,0.0,False,
74,,,I should go north to leave the unreasonably hot cookery and continue exploring.,go north,,"Well how about that, you are in a place we're calling a clean bathroom.



There is an exit to the east. Don't worry, it is unguarded. There is an unblocked exit to the north. You don't like doors? Why not try going south, that entranceway is unblocked. There is an unblocked exit to the west.",Clean Bathroom,"Well how about that, you are in a place we're calling a clean bathroom.



There is an exit to the east. Don't worry, it is unguarded. There is an unblocked exit to the north. You don't like doors? Why not try going south, that entranceway is unblocked. There is an unblocked exit to the west.",You are carrying nothing.,0 of 1,0.0,False,
75,,,I should go south from the clean bathroom.,go south,,"You've come into an unreasonably hot room. Your mind races to think of what kind of room would be unreasonably hot. And then it hits you. Of course. You're in the unreasonably hot cookery.



There is an exit to the north. Don't worry, it is unblocked.",Unreasonably Hot Cookery,"You've come into an unreasonably hot room. Your mind races to think of what kind of room would be unreasonably hot. And then it hits you. Of course. You're in the unreasonably hot cookery.



There is an exit to the north. Don't worry, it is unblocked.",You are carrying nothing.,0 of 1,0.0,False,
76,,,I should go north to leave the unreasonably hot cookery and continue exploring.,go north,,"Well how about that, you are in a place we're calling a clean bathroom.



There is an exit to the east. Don't worry, it is unguarded. There is an unblocked exit to the north. You don't like doors? Why not try going south, that entranceway is unblocked. There is an unblocked exit to the west.",Clean Bathroom,"Well how about that, you are in a place we're calling a clean bathroom.



There is an exit to the east. Don't worry, it is unguarded. There is an unblocked exit to the north. You don't like doors? Why not try going south, that entranceway is unblocked. There is an unblocked exit to the west.",You are carrying nothing.,0 of 1,0.0,False,
77,,,I should go south as the entranceway is unblocked.,go south,,"You've come into an unreasonably hot room. Your mind races to think of what kind of room would be unreasonably hot. And then it hits you. Of course. You're in the unreasonably hot cookery.



There is an exit to the north. Don't worry, it is unblocked.",Unreasonably Hot Cookery,"You've come into an unreasonably hot room. Your mind races to think of what kind of room would be unreasonably hot. And then it hits you. Of course. You're in the unreasonably hot cookery.



There is an exit to the north. Don't worry, it is unblocked.",You are carrying nothing.,0 of 1,0.0,False,
78,,,I should go north from the unreasonably hot cookery to continue exploring.,go north,,"Well how about that, you are in a place we're calling a clean bathroom.



There is an exit to the east. Don't worry, it is unguarded. There is an unblocked exit to the north. You don't like doors? Why not try going south, that entranceway is unblocked. There is an unblocked exit to the west.",Clean Bathroom,"Well how about that, you are in a place we're calling a clean bathroom.



There is an exit to the east. Don't worry, it is unguarded. There is an unblocked exit to the north. You don't like doors? Why not try going south, that entranceway is unblocked. There is an unblocked exit to the west.",You are carrying nothing.,0 of 1,0.0,False,
79,,,I will go south as the entranceway is unblocked.,go south,,"You've come into an unreasonably hot room. Your mind races to think of what kind of room would be unreasonably hot. And then it hits you. Of course. You're in the unreasonably hot cookery.



There is an exit to the north. Don't worry, it is unblocked.",Unreasonably Hot Cookery,"You've come into an unreasonably hot room. Your mind races to think of what kind of room would be unreasonably hot. And then it hits you. Of course. You're in the unreasonably hot cookery.



There is an exit to the north. Don't worry, it is unblocked.",You are carrying nothing.,0 of 1,0.0,False,
80,,,I should go north to leave the unreasonably hot cookery and continue exploring.,go north,,"Well how about that, you are in a place we're calling a clean bathroom.



There is an exit to the east. Don't worry, it is unguarded. There is an unblocked exit to the north. You don't like doors? Why not try going south, that entranceway is unblocked. There is an unblocked exit to the west.",Clean Bathroom,"Well how about that, you are in a place we're calling a clean bathroom.



There is an exit to the east. Don't worry, it is unguarded. There is an unblocked exit to the north. You don't like doors? Why not try going south, that entranceway is unblocked. There is an unblocked exit to the west.",You are carrying nothing.,0 of 1,0.0,False,
81,,,I will go south as the entranceway is unblocked.,go south,,"You've come into an unreasonably hot room. Your mind races to think of what kind of room would be unreasonably hot. And then it hits you. Of course. You're in the unreasonably hot cookery.



There is an exit to the north. Don't worry, it is unblocked.",Unreasonably Hot Cookery,"You've come into an unreasonably hot room. Your mind races to think of what kind of room would be unreasonably hot. And then it hits you. Of course. You're in the unreasonably hot cookery.



There is an exit to the north. Don't worry, it is unblocked.",You are carrying nothing.,0 of 1,0.0,False,
82,,,I should go north to leave the unreasonably hot cookery.,go north,,"Well how about that, you are in a place we're calling a clean bathroom.



There is an exit to the east. Don't worry, it is unguarded. There is an unblocked exit to the north. You don't like doors? Why not try going south, that entranceway is unblocked. There is an unblocked exit to the west.",Clean Bathroom,"Well how about that, you are in a place we're calling a clean bathroom.



There is an exit to the east. Don't worry, it is unguarded. There is an unblocked exit to the north. You don't like doors? Why not try going south, that entranceway is unblocked. There is an unblocked exit to the west.",You are carrying nothing.,0 of 1,0.0,False,
83,,,I will go south as the entranceway is unblocked.,go south,,"You've come into an unreasonably hot room. Your mind races to think of what kind of room would be unreasonably hot. And then it hits you. Of course. You're in the unreasonably hot cookery.



There is an exit to the north. Don't worry, it is unblocked.",Unreasonably Hot Cookery,"You've come into an unreasonably hot room. Your mind races to think of what kind of room would be unreasonably hot. And then it hits you. Of course. You're in the unreasonably hot cookery.



There is an exit to the north. Don't worry, it is unblocked.",You are carrying nothing.,0 of 1,0.0,False,
84,,,I should go north to leave the unreasonably hot cookery.,go north,,"Well how about that, you are in a place we're calling a clean bathroom.



There is an exit to the east. Don't worry, it is unguarded. There is an unblocked exit to the north. You don't like doors? Why not try going south, that entranceway is unblocked. There is an unblocked exit to the west.",Clean Bathroom,"Well how about that, you are in a place we're calling a clean bathroom.



There is an exit to the east. Don't worry, it is unguarded. There is an unblocked exit to the north. You don't like doors? Why not try going south, that entranceway is unblocked. There is an unblocked exit to the west.",You are carrying nothing.,0 of 1,0.0,False,
85,,,I will go south as the first step of the instructions.,go south,,"You've come into an unreasonably hot room. Your mind races to think of what kind of room would be unreasonably hot. And then it hits you. Of course. You're in the unreasonably hot cookery.



There is an exit to the north. Don't worry, it is unblocked.",Unreasonably Hot Cookery,"You've come into an unreasonably hot room. Your mind races to think of what kind of room would be unreasonably hot. And then it hits you. Of course. You're in the unreasonably hot cookery.



There is an exit to the north. Don't worry, it is unblocked.",You are carrying nothing.,0 of 1,0.0,False,
86,,,I should go north to leave the unreasonably hot cookery and continue exploring.,go north,,"Well how about that, you are in a place we're calling a clean bathroom.



There is an exit to the east. Don't worry, it is unguarded. There is an unblocked exit to the north. You don't like doors? Why not try going south, that entranceway is unblocked. There is an unblocked exit to the west.",Clean Bathroom,"Well how about that, you are in a place we're calling a clean bathroom.



There is an exit to the east. Don't worry, it is unguarded. There is an unblocked exit to the north. You don't like doors? Why not try going south, that entranceway is unblocked. There is an unblocked exit to the west.",You are carrying nothing.,0 of 1,0.0,False,
87,,,I will go south from the clean bathroom as the entranceway is unblocked.,go south,,"You've come into an unreasonably hot room. Your mind races to think of what kind of room would be unreasonably hot. And then it hits you. Of course. You're in the unreasonably hot cookery.



There is an exit to the north. Don't worry, it is unblocked.",Unreasonably Hot Cookery,"You've come into an unreasonably hot room. Your mind races to think of what kind of room would be unreasonably hot. And then it hits you. Of course. You're in the unreasonably hot cookery.



There is an exit to the north. Don't worry, it is unblocked.",You are carrying nothing.,0 of 1,0.0,False,
88,,,I should go north to leave the unreasonably hot cookery and continue exploring.,go north,,"Well how about that, you are in a place we're calling a clean bathroom.



There is an exit to the east. Don't worry, it is unguarded. There is an unblocked exit to the north. You don't like doors? Why not try going south, that entranceway is unblocked. There is an unblocked exit to the west.",Clean Bathroom,"Well how about that, you are in a place we're calling a clean bathroom.



There is an exit to the east. Don't worry, it is unguarded. There is an unblocked exit to the north. You don't like doors? Why not try going south, that entranceway is unblocked. There is an unblocked exit to the west.",You are carrying nothing.,0 of 1,0.0,False,
89,,,I will go south as the entranceway is unblocked.,go south,,"You've come into an unreasonably hot room. Your mind races to think of what kind of room would be unreasonably hot. And then it hits you. Of course. You're in the unreasonably hot cookery.



There is an exit to the north. Don't worry, it is unblocked.",Unreasonably Hot Cookery,"You've come into an unreasonably hot room. Your mind races to think of what kind of room would be unreasonably hot. And then it hits you. Of course. You're in the unreasonably hot cookery.



There is an exit to the north. Don't worry, it is unblocked.",You are carrying nothing.,0 of 1,0.0,False,
90,,,I should go north to leave the unreasonably hot cookery and continue exploring.,go north,,"Well how about that, you are in a place we're calling a clean bathroom.



There is an exit to the east. Don't worry, it is unguarded. There is an unblocked exit to the north. You don't like doors? Why not try going south, that entranceway is unblocked. There is an unblocked exit to the west.",Clean Bathroom,"Well how about that, you are in a place we're calling a clean bathroom.



There is an exit to the east. Don't worry, it is unguarded. There is an unblocked exit to the north. You don't like doors? Why not try going south, that entranceway is unblocked. There is an unblocked exit to the west.",You are carrying nothing.,0 of 1,0.0,True,
