step_id,thought,action,task,feedback,location,description,inventory,score,reward,is_done,error
0,,,"Welcome to another fast paced episode of TextWorld! Here is your task for today. First thing I need you to do is to travel north. With that done, make an attempt to go north. With that accomplished, go to the north. Then, take a trip west. Following that, try to move west. Following that, venture north. And then, make an attempt to go to the west. Then, try to head south. Following that, try to move west. After that, make an attempt to go to the west. If you can do that, make an attempt to head west. With that accomplished, travel west. Okay, and then, try to travel south. Following that, try to go to the south. And then, venture south. With that over with, venture south. Then, make an effort to venture south. And then, make an attempt to go west. And then, try to go to the north. And then, travel east. Then, attempt to venture south. With that over with, travel west. After that, move west. Okay, and then, go to the north. And then, take a trip north. With that accomplished, move east. Following that, make an effort to move south. After that, take a trip east. With that over with, venture north. Then, make an attempt to venture north. And then, try to head east. Once you get around to doing that, make an attempt to take a trip south. Then, venture east. That done, travel east. Then, head north. And then, attempt to head west. Following that, make an effort to head south. After that, take a trip east. If you can manage that, attempt to move east. After that, go east. Then, move south. With that done, try to move south. After that, make an attempt to move west. Then, go to the south. Following that, venture west. And then, take a trip north. If you can get through with that, head east. After that, try to move east. And then, take a trip north. After that, attempt to venture west. Following that, make an attempt to go to the north. And then, go to the north. Then, make an attempt to head west. If you can finish that, make an effort to go to the south. And then, make an attempt to travel west. Following that, take a trip south. That done, head south. Then, venture east. And then, make an effort to move east. And then, attempt to travel east. Then, make an attempt to go to the south. Once you accomplish that, go to the east. Then, make an attempt to travel north. And then, take a trip west. And then, go north. Following that, attempt to venture east. Okay, and then, try to go to the east. With that over with, try to head north. If you can accomplish that, move east. And then, make an effort to go to the south. And then, travel south. After that, make an attempt to go west. And then, head west. With that over with, move north. And then, go west. That done, attempt to move west. With that done, go to the north. Then, take a trip east. Next, make an effort to venture north. Then, move north. Next, move north. With that accomplished, travel east. If you can get around to doing that, try to move east. Once you accomplish that, try to head east. After that, try to go east. And then, make an effort to go to the east. After that, make an attempt to go east. Then, make an effort to go to the north. Then, travel west. And then, travel south. That done, go south. And then, head east. With that over with, venture east. Okay, and then, attempt to head east. With that done, travel east. And then, go to the east. And then, try to travel north. Then, make an attempt to take a trip west. After that, make an effort to venture west. Then, pick up the coin from the floor of the gloomy attic. That's it!",,Entertaining Parlor,"Well, here we are in the entertaining parlor.



There is an unguarded exit to the north.",You are carrying nothing.,0 of 1,0.0,False,
1,I need to travel north as the first step of the task.,go north,,"You find yourself in a cubicle. An austere kind of place. Let's see what's in here.



You don't like doors? Why not try going north, that entranceway is unguarded. You don't like doors? Why not try going south, that entranceway is unblocked.",Austere Cubicle,"You find yourself in a cubicle. An austere kind of place. Let's see what's in here.



You don't like doors? Why not try going north, that entranceway is unguarded. You don't like doors? Why not try going south, that entranceway is unblocked.",You are carrying nothing.,0 of 1,0.0,False,
2,"The task says to make an attempt to go north again, so I will try to go north.",go north,,"You've entered a balmy kitchen.



You don't like doors? Why not try going north, that entranceway is unblocked. You don't like doors? Why not try going south, that entranceway is unguarded.",Balmy Kitchen,"You've entered a balmy kitchen.



You don't like doors? Why not try going north, that entranceway is unblocked. You don't like doors? Why not try going south, that entranceway is unguarded.",You are carrying nothing.,0 of 1,0.0,False,
3,"The task says to go to the north, so I will go north again.",go north,,"You arrive in a garage. A normal one.



There is an unblocked exit to the south. You need an unguarded exit? You should try going west.",Garage,"You arrive in a garage. A normal one.



There is an unblocked exit to the south. You need an unguarded exit? You should try going west.",You are carrying nothing.,0 of 1,0.0,False,
4,"The task says to take a trip west, so I will go west.",go west,,"You find yourself in a playroom. An ordinary kind of place.



There is an unguarded exit to the east. There is an exit to the west. Don't worry, it is unblocked.",Playroom,"You find yourself in a playroom. An ordinary kind of place.



There is an unguarded exit to the east. There is an exit to the west. Don't worry, it is unblocked.",You are carrying nothing.,0 of 1,0.0,False,
5,"The task says to try to move west, so I will go west.",go west,,"You're now in a laundry place. You begin to take stock of what's here.



You need an unguarded exit? You should try going east. You don't like doors? Why not try going north, that entranceway is unblocked.",Laundry Place,"You're now in a laundry place. You begin to take stock of what's here.



You need an unguarded exit? You should try going east. You don't like doors? Why not try going north, that entranceway is unblocked.",You are carrying nothing.,0 of 1,0.0,False,
6,"The task says to venture north, so I will go north.",go north,,"Well how about that, you are in the place we're calling the launderette. You begin looking for stuff.



There is an unblocked exit to the south. There is an exit to the west. Don't worry, it is unblocked.",Launderette,"Well how about that, you are in the place we're calling the launderette. You begin looking for stuff.



There is an unblocked exit to the south. There is an exit to the west. Don't worry, it is unblocked.",You are carrying nothing.,0 of 1,0.0,False,
7,"The task says to make an attempt to go to the west, so I will go west.",go west,,"You find yourself in a shower. A steamy one. You start to take note of what's in the room.



There is an unblocked exit to the east. You need an unblocked exit? You should try going south.",Steamy Shower,"You find yourself in a shower. A steamy one. You start to take note of what's in the room.



There is an unblocked exit to the east. You need an unblocked exit? You should try going south.",You are carrying nothing.,0 of 1,0.0,False,
8,"The task says to try to head south, so I will go south.",go south,,"You find yourself in a studio. A serious kind of place.



You don't like doors? Why not try going north, that entranceway is unguarded. There is an unblocked exit to the west.",Serious Studio,"You find yourself in a studio. A serious kind of place.



You don't like doors? Why not try going north, that entranceway is unguarded. There is an unblocked exit to the west.",You are carrying nothing.,0 of 1,0.0,False,
9,"The task says to try to move west, so I will go west.",go west,,"You find yourself in a kitchenette. A sweaty one. The room is well lit.



There is an exit to the east. Don't worry, it is unblocked. You don't like doors? Why not try going west, that entranceway is unblocked.",Sweaty Kitchenette,"You find yourself in a kitchenette. A sweaty one. The room is well lit.



There is an exit to the east. Don't worry, it is unblocked. You don't like doors? Why not try going west, that entranceway is unblocked.",You are carrying nothing.,0 of 1,0.0,False,
10,"The task says to make an attempt to head west, so I will go west.",go west,,"You've just shown up in a washroom.



You need an unguarded exit? You should try going east. You don't like doors? Why not try going west, that entranceway is unblocked.",Washroom,"You've just shown up in a washroom.



You need an unguarded exit? You should try going east. You don't like doors? Why not try going west, that entranceway is unblocked.",You are carrying nothing.,0 of 1,0.0,False,
11,"The task says to travel west, so I will go west.",go west,,"You find yourself in a closet. A normal one.



You need an unblocked exit? You should try going east. You need an unguarded exit? You should try going west.",Closet,"You find yourself in a closet. A normal one.



You need an unblocked exit? You should try going east. You need an unguarded exit? You should try going west.",You are carrying nothing.,0 of 1,0.0,False,
12,"The task says to try to travel south, but there is no south exit here. I will try going west as suggested.",go west,,"You find yourself in a bedroom. An usual one.



You need an unblocked exit? You should try going east. You need an unblocked exit? You should try going south.",Bedroom,"You find yourself in a bedroom. An usual one.



You need an unblocked exit? You should try going east. You need an unblocked exit? You should try going south.",You are carrying nothing.,0 of 1,0.0,False,
13,"The task says to try to go to the south, so I will go south.",go south,,"You find yourself in a laundromat. A steamy one.



You need an unblocked exit? You should try going north. There is an exit to the south. Don't worry, it is unblocked.",Steamy Laundromat,"You find yourself in a laundromat. A steamy one.



You need an unblocked exit? You should try going north. There is an exit to the south. Don't worry, it is unblocked.",You are carrying nothing.,0 of 1,0.0,False,
14,"The task says to venture south, so I will go south.",go south,,"This just in- You, in the ugly pantry.



There is an unguarded exit to the north. You don't like doors? Why not try going south, that entranceway is unblocked.",Ugly Pantry,"This just in- You, in the ugly pantry.



There is an unguarded exit to the north. You don't like doors? Why not try going south, that entranceway is unblocked.",You are carrying nothing.,0 of 1,0.0,False,
15,"The task says to venture south, so I will go south.",go south,,"You are in a vault. A forgotten kind of place. Let's see what's in here.



There is an unguarded exit to the north. You don't like doors? Why not try going south, that entranceway is unguarded.",Forgotten Vault,"You are in a vault. A forgotten kind of place. Let's see what's in here.



There is an unguarded exit to the north. You don't like doors? Why not try going south, that entranceway is unguarded.",You are carrying nothing.,0 of 1,0.0,False,
16,"The task says to make an effort to venture south, so I will go south.",go south,,"This just in- You, in the austere studio. The room is well lit.



There is an exit to the north. Don't worry, it is unblocked. There is an exit to the south. Don't worry, it is unguarded.",Austere Studio,"This just in- You, in the austere studio. The room is well lit.



There is an exit to the north. Don't worry, it is unblocked. There is an exit to the south. Don't worry, it is unguarded.",You are carrying nothing.,0 of 1,0.0,False,
17,"The task says to make an attempt to go west, but there is no west exit here. I will try going north instead.",go north,,"You are in a vault. A forgotten kind of place. Let's see what's in here.



There is an unguarded exit to the north. You don't like doors? Why not try going south, that entranceway is unguarded.",Forgotten Vault,"You are in a vault. A forgotten kind of place. Let's see what's in here.



There is an unguarded exit to the north. You don't like doors? Why not try going south, that entranceway is unguarded.",You are carrying nothing.,0 of 1,0.0,False,
18,"The task says to try to go to the north, so I will go north.",go north,,"This just in- You, in the ugly pantry.



There is an unguarded exit to the north. You don't like doors? Why not try going south, that entranceway is unblocked.",Ugly Pantry,"This just in- You, in the ugly pantry.



There is an unguarded exit to the north. You don't like doors? Why not try going south, that entranceway is unblocked.",You are carrying nothing.,0 of 1,0.0,False,
19,"The task says to travel east, but there is no east exit here. I will try going north instead.",go north,,"You find yourself in a laundromat. A steamy one.



You need an unblocked exit? You should try going north. There is an exit to the south. Don't worry, it is unblocked.",Steamy Laundromat,"You find yourself in a laundromat. A steamy one.



You need an unblocked exit? You should try going north. There is an exit to the south. Don't worry, it is unblocked.",You are carrying nothing.,0 of 1,0.0,False,
20,"The task says to attempt to venture south, so I will go south.",go south,,"This just in- You, in the ugly pantry.



There is an unguarded exit to the north. You don't like doors? Why not try going south, that entranceway is unblocked.",Ugly Pantry,"This just in- You, in the ugly pantry.



There is an unguarded exit to the north. You don't like doors? Why not try going south, that entranceway is unblocked.",You are carrying nothing.,0 of 1,0.0,False,
21,"The task says to travel west, but there is no west exit here. I will try going north instead.",go north,,"You find yourself in a laundromat. A steamy one.



You need an unblocked exit? You should try going north. There is an exit to the south. Don't worry, it is unblocked.",Steamy Laundromat,"You find yourself in a laundromat. A steamy one.



You need an unblocked exit? You should try going north. There is an exit to the south. Don't worry, it is unblocked.",You are carrying nothing.,0 of 1,0.0,False,
22,"The task says to move west, but there is no west exit here. I will try going north instead.",go north,,"You find yourself in a bedroom. An usual one.



You need an unblocked exit? You should try going east. You need an unblocked exit? You should try going south.",Bedroom,"You find yourself in a bedroom. An usual one.



You need an unblocked exit? You should try going east. You need an unblocked exit? You should try going south.",You are carrying nothing.,0 of 1,0.0,False,
23,"The task says to go to the north, but there is no north exit here. I will try going east instead.",go east,,"You find yourself in a closet. A normal one.



You need an unblocked exit? You should try going east. You need an unguarded exit? You should try going west.",Closet,"You find yourself in a closet. A normal one.



You need an unblocked exit? You should try going east. You need an unguarded exit? You should try going west.",You are carrying nothing.,0 of 1,0.0,False,
24,"The task says to take a trip north, but there is no north exit here. I will try going east instead.",go east,,"You've just shown up in a washroom.



You need an unguarded exit? You should try going east. You don't like doors? Why not try going west, that entranceway is unblocked.",Washroom,"You've just shown up in a washroom.



You need an unguarded exit? You should try going east. You don't like doors? Why not try going west, that entranceway is unblocked.",You are carrying nothing.,0 of 1,0.0,False,
25,"The task says to move east, so I will go east.",go east,,"You find yourself in a kitchenette. A sweaty one. The room is well lit.



There is an exit to the east. Don't worry, it is unblocked. You don't like doors? Why not try going west, that entranceway is unblocked.",Sweaty Kitchenette,"You find yourself in a kitchenette. A sweaty one. The room is well lit.



There is an exit to the east. Don't worry, it is unblocked. You don't like doors? Why not try going west, that entranceway is unblocked.",You are carrying nothing.,0 of 1,0.0,False,
26,"The task says to move east, so I will go east.",go east,,"You find yourself in a studio. A serious kind of place.



You don't like doors? Why not try going north, that entranceway is unguarded. There is an unblocked exit to the west.",Serious Studio,"You find yourself in a studio. A serious kind of place.



You don't like doors? Why not try going north, that entranceway is unguarded. There is an unblocked exit to the west.",You are carrying nothing.,0 of 1,0.0,False,
27,"The task says to go north, so I will go north.",go north,,"You find yourself in a shower. A steamy one. You start to take note of what's in the room.



There is an unblocked exit to the east. You need an unblocked exit? You should try going south.",Steamy Shower,"You find yourself in a shower. A steamy one. You start to take note of what's in the room.



There is an unblocked exit to the east. You need an unblocked exit? You should try going south.",You are carrying nothing.,0 of 1,0.0,False,
28,"The task says to go west, but there is no west exit here. I will try going east instead.",go east,,"Well how about that, you are in the place we're calling the launderette. You begin looking for stuff.



There is an unblocked exit to the south. There is an exit to the west. Don't worry, it is unblocked.",Launderette,"Well how about that, you are in the place we're calling the launderette. You begin looking for stuff.



There is an unblocked exit to the south. There is an exit to the west. Don't worry, it is unblocked.",You are carrying nothing.,0 of 1,0.0,False,
29,"The task says to go south, so I will go south.",go south,,"You're now in a laundry place. You begin to take stock of what's here.



You need an unguarded exit? You should try going east. You don't like doors? Why not try going north, that entranceway is unblocked.",Laundry Place,"You're now in a laundry place. You begin to take stock of what's here.



You need an unguarded exit? You should try going east. You don't like doors? Why not try going north, that entranceway is unblocked.",You are carrying nothing.,0 of 1,0.0,False,
30,"The task says to go west, but there is no west exit here. I will try going east instead.",go east,,"You find yourself in a playroom. An ordinary kind of place.



There is an unguarded exit to the east. There is an exit to the west. Don't worry, it is unblocked.",Playroom,"You find yourself in a playroom. An ordinary kind of place.



There is an unguarded exit to the east. There is an exit to the west. Don't worry, it is unblocked.",You are carrying nothing.,0 of 1,0.0,False,
31,"The task says to go west, so I will go west.",go west,,"You're now in a laundry place. You begin to take stock of what's here.



You need an unguarded exit? You should try going east. You don't like doors? Why not try going north, that entranceway is unblocked.",Laundry Place,"You're now in a laundry place. You begin to take stock of what's here.



You need an unguarded exit? You should try going east. You don't like doors? Why not try going north, that entranceway is unblocked.",You are carrying nothing.,0 of 1,0.0,False,
32,"The task says to go north, so I will go north.",go north,,"Well how about that, you are in the place we're calling the launderette. You begin looking for stuff.



There is an unblocked exit to the south. There is an exit to the west. Don't worry, it is unblocked.",Launderette,"Well how about that, you are in the place we're calling the launderette. You begin looking for stuff.



There is an unblocked exit to the south. There is an exit to the west. Don't worry, it is unblocked.",You are carrying nothing.,0 of 1,0.0,False,
33,"The task says to go north, but there is no north exit here. I will try going west instead.",go west,,"You find yourself in a shower. A steamy one. You start to take note of what's in the room.



There is an unblocked exit to the east. You need an unblocked exit? You should try going south.",Steamy Shower,"You find yourself in a shower. A steamy one. You start to take note of what's in the room.



There is an unblocked exit to the east. You need an unblocked exit? You should try going south.",You are carrying nothing.,0 of 1,0.0,False,
34,"The task says to go south, so I will go south.",go south,,"You find yourself in a studio. A serious kind of place.



You don't like doors? Why not try going north, that entranceway is unguarded. There is an unblocked exit to the west.",Serious Studio,"You find yourself in a studio. A serious kind of place.



You don't like doors? Why not try going north, that entranceway is unguarded. There is an unblocked exit to the west.",You are carrying nothing.,0 of 1,0.0,False,
35,"The task says to go west, so I will go west.",go west,,"You find yourself in a kitchenette. A sweaty one. The room is well lit.



There is an exit to the east. Don't worry, it is unblocked. You don't like doors? Why not try going west, that entranceway is unblocked.",Sweaty Kitchenette,"You find yourself in a kitchenette. A sweaty one. The room is well lit.



There is an exit to the east. Don't worry, it is unblocked. You don't like doors? Why not try going west, that entranceway is unblocked.",You are carrying nothing.,0 of 1,0.0,False,
36,"The task says to go west, so I will go west.",go west,,"You've just shown up in a washroom.



You need an unguarded exit? You should try going east. You don't like doors? Why not try going west, that entranceway is unblocked.",Washroom,"You've just shown up in a washroom.



You need an unguarded exit? You should try going east. You don't like doors? Why not try going west, that entranceway is unblocked.",You are carrying nothing.,0 of 1,0.0,False,
37,"The task says to go west, so I will go west.",go west,,"You find yourself in a closet. A normal one.



You need an unblocked exit? You should try going east. You need an unguarded exit? You should try going west.",Closet,"You find yourself in a closet. A normal one.



You need an unblocked exit? You should try going east. You need an unguarded exit? You should try going west.",You are carrying nothing.,0 of 1,0.0,False,
38,"The task says to go west, so I will go west.",go west,,"You find yourself in a bedroom. An usual one.



You need an unblocked exit? You should try going east. You need an unblocked exit? You should try going south.",Bedroom,"You find yourself in a bedroom. An usual one.



You need an unblocked exit? You should try going east. You need an unblocked exit? You should try going south.",You are carrying nothing.,0 of 1,0.0,False,
39,"The task says to go south, so I will go south.",go south,,"You find yourself in a laundromat. A steamy one.



You need an unblocked exit? You should try going north. There is an exit to the south. Don't worry, it is unblocked.",Steamy Laundromat,"You find yourself in a laundromat. A steamy one.



You need an unblocked exit? You should try going north. There is an exit to the south. Don't worry, it is unblocked.",You are carrying nothing.,0 of 1,0.0,False,
40,"The task says to go south, so I will go south.",go south,,"This just in- You, in the ugly pantry.



There is an unguarded exit to the north. You don't like doors? Why not try going south, that entranceway is unblocked.",Ugly Pantry,"This just in- You, in the ugly pantry.



There is an unguarded exit to the north. You don't like doors? Why not try going south, that entranceway is unblocked.",You are carrying nothing.,0 of 1,0.0,False,
41,"The task says to go south, so I will go south.",go south,,"You are in a vault. A forgotten kind of place. Let's see what's in here.



There is an unguarded exit to the north. You don't like doors? Why not try going south, that entranceway is unguarded.",Forgotten Vault,"You are in a vault. A forgotten kind of place. Let's see what's in here.



There is an unguarded exit to the north. You don't like doors? Why not try going south, that entranceway is unguarded.",You are carrying nothing.,0 of 1,0.0,False,
42,"The task says to go west, so I will go west.",go west,,You can't go that way.,Forgotten Vault,"You are in a vault. A forgotten kind of place. Let's see what's in here.



There is an unguarded exit to the north. You don't like doors? Why not try going south, that entranceway is unguarded.",You are carrying nothing.,0 of 1,0.0,False,
43,"West is blocked, so I will try going north as it is an unguarded exit.",go north,,"This just in- You, in the ugly pantry.



There is an unguarded exit to the north. You don't like doors? Why not try going south, that entranceway is unblocked.",Ugly Pantry,"This just in- You, in the ugly pantry.



There is an unguarded exit to the north. You don't like doors? Why not try going south, that entranceway is unblocked.",You are carrying nothing.,0 of 1,0.0,False,
44,"The task says to go west, but that is blocked. I will try going south as it is unblocked.",go south,,"You are in a vault. A forgotten kind of place. Let's see what's in here.



There is an unguarded exit to the north. You don't like doors? Why not try going south, that entranceway is unguarded.",Forgotten Vault,"You are in a vault. A forgotten kind of place. Let's see what's in here.



There is an unguarded exit to the north. You don't like doors? Why not try going south, that entranceway is unguarded.",You are carrying nothing.,0 of 1,0.0,False,
45,"The task says to go west, but that is blocked. I will try going north as it is unblocked.",go north,,"This just in- You, in the ugly pantry.



There is an unguarded exit to the north. You don't like doors? Why not try going south, that entranceway is unblocked.",Ugly Pantry,"This just in- You, in the ugly pantry.



There is an unguarded exit to the north. You don't like doors? Why not try going south, that entranceway is unblocked.",You are carrying nothing.,0 of 1,0.0,False,
46,"The task says to go west, but that is blocked. I will try going south as it is unblocked.",go south,,"You are in a vault. A forgotten kind of place. Let's see what's in here.



There is an unguarded exit to the north. You don't like doors? Why not try going south, that entranceway is unguarded.",Forgotten Vault,"You are in a vault. A forgotten kind of place. Let's see what's in here.



There is an unguarded exit to the north. You don't like doors? Why not try going south, that entranceway is unguarded.",You are carrying nothing.,0 of 1,0.0,False,
47,I am stuck in a loop between the Forgotten Vault and Ugly Pantry. I will try going south from the Forgotten Vault to see if it leads somewhere new.,go south,,"This just in- You, in the austere studio. The room is well lit.



There is an exit to the north. Don't worry, it is unblocked. There is an exit to the south. Don't worry, it is unguarded.",Austere Studio,"This just in- You, in the austere studio. The room is well lit.



There is an exit to the north. Don't worry, it is unblocked. There is an exit to the south. Don't worry, it is unguarded.",You are carrying nothing.,0 of 1,0.0,False,
48,I have reached the Austere Studio. I will try going west now as the task instructs to go west.,go west,,You can't go that way.,Austere Studio,"This just in- You, in the austere studio. The room is well lit.



There is an exit to the north. Don't worry, it is unblocked. There is an exit to the south. Don't worry, it is unguarded.",You are carrying nothing.,0 of 1,0.0,False,
49,Going west is blocked in the Austere Studio. I will try going north as it is unblocked.,go north,,"You are in a vault. A forgotten kind of place. Let's see what's in here.



There is an unguarded exit to the north. You don't like doors? Why not try going south, that entranceway is unguarded.",Forgotten Vault,"You are in a vault. A forgotten kind of place. Let's see what's in here.



There is an unguarded exit to the north. You don't like doors? Why not try going south, that entranceway is unguarded.",You are carrying nothing.,0 of 1,0.0,False,
50,I am back in the Forgotten Vault. I will try going north again to explore further.,go north,,"This just in- You, in the ugly pantry.



There is an unguarded exit to the north. You don't like doors? Why not try going south, that entranceway is unblocked.",Ugly Pantry,"This just in- You, in the ugly pantry.



There is an unguarded exit to the north. You don't like doors? Why not try going south, that entranceway is unblocked.",You are carrying nothing.,0 of 1,0.0,False,
51,"I am back in the Ugly Pantry. Since going north and south leads to a loop, I will try going east or west if possible to find a new path.",look,,"This just in- You, in the ugly pantry.



There is an unguarded exit to the north. You don't like doors? Why not try going south, that entranceway is unblocked.",Ugly Pantry,"This just in- You, in the ugly pantry.



There is an unguarded exit to the north. You don't like doors? Why not try going south, that entranceway is unblocked.",You are carrying nothing.,0 of 1,0.0,False,
52,"There are no other exits visible in the Ugly Pantry besides north and south, which lead to a loop. I will try going south to see if it leads somewhere new.",go south,,"You are in a vault. A forgotten kind of place. Let's see what's in here.



There is an unguarded exit to the north. You don't like doors? Why not try going south, that entranceway is unguarded.",Forgotten Vault,"You are in a vault. A forgotten kind of place. Let's see what's in here.



There is an unguarded exit to the north. You don't like doors? Why not try going south, that entranceway is unguarded.",You are carrying nothing.,0 of 1,0.0,False,
53,"I am back in the Forgotten Vault. Since north and south lead to the Ugly Pantry and Austere Studio respectively, I will try going south to return to the Austere Studio and then try going north again to explore further.",go south,,"This just in- You, in the austere studio. The room is well lit.



There is an exit to the north. Don't worry, it is unblocked. There is an exit to the south. Don't worry, it is unguarded.",Austere Studio,"This just in- You, in the austere studio. The room is well lit.



There is an exit to the north. Don't worry, it is unblocked. There is an exit to the south. Don't worry, it is unguarded.",You are carrying nothing.,0 of 1,0.0,False,
54,I am back in the Austere Studio. I will try going south to see if it leads to a new location.,go south,,"You find yourself in a sauna. An usual one.



There is an unblocked exit to the north. There is an unblocked exit to the west.",Sauna,"You find yourself in a sauna. An usual one.



There is an unblocked exit to the north. There is an unblocked exit to the west.",You are carrying nothing.,0 of 1,0.0,False,
55,I am in the Sauna with exits to the north and west. I will try going west to explore a new area.,go west,,"This might come as a shock to you, but you've just moved into a bedchamber. You begin looking for stuff.



There is an exit to the east. Don't worry, it is unblocked. There is an unblocked exit to the north.",Bedchamber,"This might come as a shock to you, but you've just moved into a bedchamber. You begin looking for stuff.



There is an exit to the east. Don't worry, it is unblocked. There is an unblocked exit to the north.",You are carrying nothing.,0 of 1,0.0,False,
56,I am in the Bedchamber with exits to the east and north. I will try going north to explore further.,go north,,"You've walked into a typical room. Your mind races to think of what kind of room would be typical. And then it hits you. Of course. You're in the cubicle.



There is an exit to the east. Don't worry, it is unguarded. You don't like doors? Why not try going south, that entranceway is unblocked.",Cubicle,"You've walked into a typical room. Your mind races to think of what kind of room would be typical. And then it hits you. Of course. You're in the cubicle.



There is an exit to the east. Don't worry, it is unguarded. You don't like doors? Why not try going south, that entranceway is unblocked.",You are carrying nothing.,0 of 1,0.0,False,
57,I am in the Cubicle with exits to the east and south. I will try going south to explore further.,go south,,"This might come as a shock to you, but you've just moved into a bedchamber. You begin looking for stuff.



There is an exit to the east. Don't worry, it is unblocked. There is an unblocked exit to the north.",Bedchamber,"This might come as a shock to you, but you've just moved into a bedchamber. You begin looking for stuff.



There is an exit to the east. Don't worry, it is unblocked. There is an unblocked exit to the north.",You are carrying nothing.,0 of 1,0.0,False,
58,I am back in the Bedchamber. I will try going east to explore a new area.,go east,,"You find yourself in a sauna. An usual one.



There is an unblocked exit to the north. There is an unblocked exit to the west.",Sauna,"You find yourself in a sauna. An usual one.



There is an unblocked exit to the north. There is an unblocked exit to the west.",You are carrying nothing.,0 of 1,0.0,False,
59,I am back in the Sauna. I will try going north to explore further.,go north,,"This just in- You, in the austere studio. The room is well lit.



There is an exit to the north. Don't worry, it is unblocked. There is an exit to the south. Don't worry, it is unguarded.",Austere Studio,"This just in- You, in the austere studio. The room is well lit.



There is an exit to the north. Don't worry, it is unblocked. There is an exit to the south. Don't worry, it is unguarded.",You are carrying nothing.,0 of 1,0.0,False,
60,I am in the Austere Studio with exits to the north and south. I will try going north to explore further.,go north,,"You are in a vault. A forgotten kind of place. Let's see what's in here.



There is an unguarded exit to the north. You don't like doors? Why not try going south, that entranceway is unguarded.",Forgotten Vault,"You are in a vault. A forgotten kind of place. Let's see what's in here.



There is an unguarded exit to the north. You don't like doors? Why not try going south, that entranceway is unguarded.",You are carrying nothing.,0 of 1,0.0,False,
61,I am in the Forgotten Vault with an exit to the north. I will go north to continue exploring.,go north,,"This just in- You, in the ugly pantry.



There is an unguarded exit to the north. You don't like doors? Why not try going south, that entranceway is unblocked.",Ugly Pantry,"This just in- You, in the ugly pantry.



There is an unguarded exit to the north. You don't like doors? Why not try going south, that entranceway is unblocked.",You are carrying nothing.,0 of 1,0.0,False,
62,I am in the Ugly Pantry with exits to the north and south. I will try going north to explore further.,go north,,"You find yourself in a laundromat. A steamy one.



You need an unblocked exit? You should try going north. There is an exit to the south. Don't worry, it is unblocked.",Steamy Laundromat,"You find yourself in a laundromat. A steamy one.



You need an unblocked exit? You should try going north. There is an exit to the south. Don't worry, it is unblocked.",You are carrying nothing.,0 of 1,0.0,False,
63,I am in the Steamy Laundromat with exits to the north and south. I will try going north to continue exploring.,go north,,"You find yourself in a bedroom. An usual one.



You need an unblocked exit? You should try going east. You need an unblocked exit? You should try going south.",Bedroom,"You find yourself in a bedroom. An usual one.



You need an unblocked exit? You should try going east. You need an unblocked exit? You should try going south.",You are carrying nothing.,0 of 1,0.0,False,
64,I am in the Bedroom with exits to the east and south. I will try going east to explore further.,go east,,"You find yourself in a closet. A normal one.



You need an unblocked exit? You should try going east. You need an unguarded exit? You should try going west.",Closet,"You find yourself in a closet. A normal one.



You need an unblocked exit? You should try going east. You need an unguarded exit? You should try going west.",You are carrying nothing.,0 of 1,0.0,False,
65,I am in the Closet with exits to the east and west. I will try going east to continue exploring.,go east,,"You've just shown up in a washroom.



You need an unguarded exit? You should try going east. You don't like doors? Why not try going west, that entranceway is unblocked.",Washroom,"You've just shown up in a washroom.



You need an unguarded exit? You should try going east. You don't like doors? Why not try going west, that entranceway is unblocked.",You are carrying nothing.,0 of 1,0.0,False,
66,I am in the Washroom with exits to the east and west. I will try going east to continue exploring.,go east,,"You find yourself in a kitchenette. A sweaty one. The room is well lit.



There is an exit to the east. Don't worry, it is unblocked. You don't like doors? Why not try going west, that entranceway is unblocked.",Sweaty Kitchenette,"You find yourself in a kitchenette. A sweaty one. The room is well lit.



There is an exit to the east. Don't worry, it is unblocked. You don't like doors? Why not try going west, that entranceway is unblocked.",You are carrying nothing.,0 of 1,0.0,False,
67,I am in the Sweaty Kitchenette with exits to the east and west. I will try going east to continue exploring.,go east,,"You find yourself in a studio. A serious kind of place.



You don't like doors? Why not try going north, that entranceway is unguarded. There is an unblocked exit to the west.",Serious Studio,"You find yourself in a studio. A serious kind of place.



You don't like doors? Why not try going north, that entranceway is unguarded. There is an unblocked exit to the west.",You are carrying nothing.,0 of 1,0.0,False,
68,I am in the Serious Studio with exits to the north and west. I will try going north to continue exploring.,go north,,"You find yourself in a shower. A steamy one. You start to take note of what's in the room.



There is an unblocked exit to the east. You need an unblocked exit? You should try going south.",Steamy Shower,"You find yourself in a shower. A steamy one. You start to take note of what's in the room.



There is an unblocked exit to the east. You need an unblocked exit? You should try going south.",You are carrying nothing.,0 of 1,0.0,False,
69,I am in the Steamy Shower with exits to the east and south. I will try going east to continue exploring.,go east,,"Well how about that, you are in the place we're calling the launderette. You begin looking for stuff.



There is an unblocked exit to the south. There is an exit to the west. Don't worry, it is unblocked.",Launderette,"Well how about that, you are in the place we're calling the launderette. You begin looking for stuff.



There is an unblocked exit to the south. There is an exit to the west. Don't worry, it is unblocked.",You are carrying nothing.,0 of 1,0.0,False,
70,I am in the Launderette with exits to the south and west. I will try going west to continue exploring.,go west,,"You find yourself in a shower. A steamy one. You start to take note of what's in the room.



There is an unblocked exit to the east. You need an unblocked exit? You should try going south.",Steamy Shower,"You find yourself in a shower. A steamy one. You start to take note of what's in the room.



There is an unblocked exit to the east. You need an unblocked exit? You should try going south.",You are carrying nothing.,0 of 1,0.0,False,
71,I have returned to the Steamy Shower. I will try going south this time to explore a new direction.,go south,,"You find yourself in a studio. A serious kind of place.



You don't like doors? Why not try going north, that entranceway is unguarded. There is an unblocked exit to the west.",Serious Studio,"You find yourself in a studio. A serious kind of place.



You don't like doors? Why not try going north, that entranceway is unguarded. There is an unblocked exit to the west.",You are carrying nothing.,0 of 1,0.0,False,
72,I am back in the Serious Studio. I will try going west to explore a new area.,go west,,"You find yourself in a kitchenette. A sweaty one. The room is well lit.



There is an exit to the east. Don't worry, it is unblocked. You don't like doors? Why not try going west, that entranceway is unblocked.",Sweaty Kitchenette,"You find yourself in a kitchenette. A sweaty one. The room is well lit.



There is an exit to the east. Don't worry, it is unblocked. You don't like doors? Why not try going west, that entranceway is unblocked.",You are carrying nothing.,0 of 1,0.0,False,
73,I am in the Sweaty Kitchenette with exits to the east and west. I will try going west to explore further.,go west,,"You've just shown up in a washroom.



You need an unguarded exit? You should try going east. You don't like doors? Why not try going west, that entranceway is unblocked.",Washroom,"You've just shown up in a washroom.



You need an unguarded exit? You should try going east. You don't like doors? Why not try going west, that entranceway is unblocked.",You are carrying nothing.,0 of 1,0.0,False,
74,I am in the Washroom with exits to the east and west. I will try going east to continue exploring.,go east,,"You find yourself in a kitchenette. A sweaty one. The room is well lit.



There is an exit to the east. Don't worry, it is unblocked. You don't like doors? Why not try going west, that entranceway is unblocked.",Sweaty Kitchenette,"You find yourself in a kitchenette. A sweaty one. The room is well lit.



There is an exit to the east. Don't worry, it is unblocked. You don't like doors? Why not try going west, that entranceway is unblocked.",You are carrying nothing.,0 of 1,0.0,False,
75,I am back in the Sweaty Kitchenette. I will try going east this time to explore a new area.,go east,,"You find yourself in a studio. A serious kind of place.



You don't like doors? Why not try going north, that entranceway is unguarded. There is an unblocked exit to the west.",Serious Studio,"You find yourself in a studio. A serious kind of place.



You don't like doors? Why not try going north, that entranceway is unguarded. There is an unblocked exit to the west.",You are carrying nothing.,0 of 1,0.0,False,
76,I am back in the Serious Studio. I will try going north to explore the unguarded entranceway.,go north,,"You find yourself in a shower. A steamy one. You start to take note of what's in the room.



There is an unblocked exit to the east. You need an unblocked exit? You should try going south.",Steamy Shower,"You find yourself in a shower. A steamy one. You start to take note of what's in the room.



There is an unblocked exit to the east. You need an unblocked exit? You should try going south.",You are carrying nothing.,0 of 1,0.0,False,
77,I am in the Steamy Shower with exits to the east and south. I will try going east to explore further.,go east,,"Well how about that, you are in the place we're calling the launderette. You begin looking for stuff.



There is an unblocked exit to the south. There is an exit to the west. Don't worry, it is unblocked.",Launderette,"Well how about that, you are in the place we're calling the launderette. You begin looking for stuff.



There is an unblocked exit to the south. There is an exit to the west. Don't worry, it is unblocked.",You are carrying nothing.,0 of 1,0.0,False,
78,I am in the Launderette with exits to the south and west. I will try going west to explore more.,go west,,"You find yourself in a shower. A steamy one. You start to take note of what's in the room.



There is an unblocked exit to the east. You need an unblocked exit? You should try going south.",Steamy Shower,"You find yourself in a shower. A steamy one. You start to take note of what's in the room.



There is an unblocked exit to the east. You need an unblocked exit? You should try going south.",You are carrying nothing.,0 of 1,0.0,False,
79,I am back in the Steamy Shower. I will try going south to explore the other exit.,go south,,"You find yourself in a studio. A serious kind of place.



You don't like doors? Why not try going north, that entranceway is unguarded. There is an unblocked exit to the west.",Serious Studio,"You find yourself in a studio. A serious kind of place.



You don't like doors? Why not try going north, that entranceway is unguarded. There is an unblocked exit to the west.",You are carrying nothing.,0 of 1,0.0,False,
80,I am back in the Serious Studio. I will try going west to explore the unblocked exit.,go west,,"You find yourself in a kitchenette. A sweaty one. The room is well lit.



There is an exit to the east. Don't worry, it is unblocked. You don't like doors? Why not try going west, that entranceway is unblocked.",Sweaty Kitchenette,"You find yourself in a kitchenette. A sweaty one. The room is well lit.



There is an exit to the east. Don't worry, it is unblocked. You don't like doors? Why not try going west, that entranceway is unblocked.",You are carrying nothing.,0 of 1,0.0,False,
81,I am in the Sweaty Kitchenette with exits to the east and west. I will try going west to explore further.,go west,,"You've just shown up in a washroom.



You need an unguarded exit? You should try going east. You don't like doors? Why not try going west, that entranceway is unblocked.",Washroom,"You've just shown up in a washroom.



You need an unguarded exit? You should try going east. You don't like doors? Why not try going west, that entranceway is unblocked.",You are carrying nothing.,0 of 1,0.0,False,
82,I am in the Washroom with exits to the east and west. I will try going east to explore further.,go east,,"You find yourself in a kitchenette. A sweaty one. The room is well lit.



There is an exit to the east. Don't worry, it is unblocked. You don't like doors? Why not try going west, that entranceway is unblocked.",Sweaty Kitchenette,"You find yourself in a kitchenette. A sweaty one. The room is well lit.



There is an exit to the east. Don't worry, it is unblocked. You don't like doors? Why not try going west, that entranceway is unblocked.",You are carrying nothing.,0 of 1,0.0,False,
83,I am back in the Sweaty Kitchenette. I will try going east this time to explore the other exit.,go east,,"You find yourself in a studio. A serious kind of place.



You don't like doors? Why not try going north, that entranceway is unguarded. There is an unblocked exit to the west.",Serious Studio,"You find yourself in a studio. A serious kind of place.



You don't like doors? Why not try going north, that entranceway is unguarded. There is an unblocked exit to the west.",You are carrying nothing.,0 of 1,0.0,False,
84,I am back in the Serious Studio. I will try going north to explore the unguarded entranceway.,go north,,"You find yourself in a shower. A steamy one. You start to take note of what's in the room.



There is an unblocked exit to the east. You need an unblocked exit? You should try going south.",Steamy Shower,"You find yourself in a shower. A steamy one. You start to take note of what's in the room.



There is an unblocked exit to the east. You need an unblocked exit? You should try going south.",You are carrying nothing.,0 of 1,0.0,False,
85,I am in the Steamy Shower with exits to the east and south. I will try going east to explore further.,go east,,"Well how about that, you are in the place we're calling the launderette. You begin looking for stuff.



There is an unblocked exit to the south. There is an exit to the west. Don't worry, it is unblocked.",Launderette,"Well how about that, you are in the place we're calling the launderette. You begin looking for stuff.



There is an unblocked exit to the south. There is an exit to the west. Don't worry, it is unblocked.",You are carrying nothing.,0 of 1,0.0,False,
86,I am in the Launderette with exits to the south and west. I will try going west to explore further.,go west,,"You find yourself in a shower. A steamy one. You start to take note of what's in the room.



There is an unblocked exit to the east. You need an unblocked exit? You should try going south.",Steamy Shower,"You find yourself in a shower. A steamy one. You start to take note of what's in the room.



There is an unblocked exit to the east. You need an unblocked exit? You should try going south.",You are carrying nothing.,0 of 1,0.0,False,
87,I am back in the Steamy Shower. I will try going south to explore the other exit.,go south,,"You find yourself in a studio. A serious kind of place.



You don't like doors? Why not try going north, that entranceway is unguarded. There is an unblocked exit to the west.",Serious Studio,"You find yourself in a studio. A serious kind of place.



You don't like doors? Why not try going north, that entranceway is unguarded. There is an unblocked exit to the west.",You are carrying nothing.,0 of 1,0.0,False,
88,I am back in the Serious Studio. I will try going west to explore the unblocked exit.,go west,,"You find yourself in a kitchenette. A sweaty one. The room is well lit.



There is an exit to the east. Don't worry, it is unblocked. You don't like doors? Why not try going west, that entranceway is unblocked.",Sweaty Kitchenette,"You find yourself in a kitchenette. A sweaty one. The room is well lit.



There is an exit to the east. Don't worry, it is unblocked. You don't like doors? Why not try going west, that entranceway is unblocked.",You are carrying nothing.,0 of 1,0.0,False,
89,I am in the Sweaty Kitchenette with exits to the east and west. I will try going west to explore further.,go west,,"You've just shown up in a washroom.



You need an unguarded exit? You should try going east. You don't like doors? Why not try going west, that entranceway is unblocked.",Washroom,"You've just shown up in a washroom.



You need an unguarded exit? You should try going east. You don't like doors? Why not try going west, that entranceway is unblocked.",You are carrying nothing.,0 of 1,0.0,False,
90,I am in the Washroom with exits to the east and west. I will try going east to explore further.,go east,,"You find yourself in a kitchenette. A sweaty one. The room is well lit.



There is an exit to the east. Don't worry, it is unblocked. You don't like doors? Why not try going west, that entranceway is unblocked.",Sweaty Kitchenette,"You find yourself in a kitchenette. A sweaty one. The room is well lit.



There is an exit to the east. Don't worry, it is unblocked. You don't like doors? Why not try going west, that entranceway is unblocked.",You are carrying nothing.,0 of 1,0.0,False,
91,I am back in the Sweaty Kitchenette. I will try going east to explore further.,go east,,"You find yourself in a studio. A serious kind of place.



You don't like doors? Why not try going north, that entranceway is unguarded. There is an unblocked exit to the west.",Serious Studio,"You find yourself in a studio. A serious kind of place.



You don't like doors? Why not try going north, that entranceway is unguarded. There is an unblocked exit to the west.",You are carrying nothing.,0 of 1,0.0,False,
92,I am back in the Serious Studio. I will try going north to explore the unguarded entranceway.,go north,,"You find yourself in a shower. A steamy one. You start to take note of what's in the room.



There is an unblocked exit to the east. You need an unblocked exit? You should try going south.",Steamy Shower,"You find yourself in a shower. A steamy one. You start to take note of what's in the room.



There is an unblocked exit to the east. You need an unblocked exit? You should try going south.",You are carrying nothing.,0 of 1,0.0,False,
93,I am in the Steamy Shower with exits to the east and south. I will try going east to explore further.,go east,,"Well how about that, you are in the place we're calling the launderette. You begin looking for stuff.



There is an unblocked exit to the south. There is an exit to the west. Don't worry, it is unblocked.",Launderette,"Well how about that, you are in the place we're calling the launderette. You begin looking for stuff.



There is an unblocked exit to the south. There is an exit to the west. Don't worry, it is unblocked.",You are carrying nothing.,0 of 1,0.0,False,
94,I am in the Launderette with exits to the south and west. I will try going west to explore further.,go west,,"You find yourself in a shower. A steamy one. You start to take note of what's in the room.



There is an unblocked exit to the east. You need an unblocked exit? You should try going south.",Steamy Shower,"You find yourself in a shower. A steamy one. You start to take note of what's in the room.



There is an unblocked exit to the east. You need an unblocked exit? You should try going south.",You are carrying nothing.,0 of 1,0.0,False,
95,I am back in the Steamy Shower. I will try going south to explore further.,go south,,"You find yourself in a studio. A serious kind of place.



You don't like doors? Why not try going north, that entranceway is unguarded. There is an unblocked exit to the west.",Serious Studio,"You find yourself in a studio. A serious kind of place.



You don't like doors? Why not try going north, that entranceway is unguarded. There is an unblocked exit to the west.",You are carrying nothing.,0 of 1,0.0,False,
96,I am back in the Serious Studio. I will try going west to explore further.,go west,,"You find yourself in a kitchenette. A sweaty one. The room is well lit.



There is an exit to the east. Don't worry, it is unblocked. You don't like doors? Why not try going west, that entranceway is unblocked.",Sweaty Kitchenette,"You find yourself in a kitchenette. A sweaty one. The room is well lit.



There is an exit to the east. Don't worry, it is unblocked. You don't like doors? Why not try going west, that entranceway is unblocked.",You are carrying nothing.,0 of 1,0.0,False,
97,I am in the Sweaty Kitchenette with exits to the east and west. I will try going west to explore further.,go west,,"You've just shown up in a washroom.



You need an unguarded exit? You should try going east. You don't like doors? Why not try going west, that entranceway is unblocked.",Washroom,"You've just shown up in a washroom.



You need an unguarded exit? You should try going east. You don't like doors? Why not try going west, that entranceway is unblocked.",You are carrying nothing.,0 of 1,0.0,False,
98,I am in the Washroom with exits to the east and west. I will try going west to explore further.,go west,,"You find yourself in a closet. A normal one.



You need an unblocked exit? You should try going east. You need an unguarded exit? You should try going west.",Closet,"You find yourself in a closet. A normal one.



You need an unblocked exit? You should try going east. You need an unguarded exit? You should try going west.",You are carrying nothing.,0 of 1,0.0,False,
99,I am in the Closet with exits to the east and west. I will try going west to explore further.,go west,,"You find yourself in a bedroom. An usual one.



You need an unblocked exit? You should try going east. You need an unblocked exit? You should try going south.",Bedroom,"You find yourself in a bedroom. An usual one.



You need an unblocked exit? You should try going east. You need an unblocked exit? You should try going south.",You are carrying nothing.,0 of 1,0.0,False,
100,I am in the Bedroom with exits to the east and south. I will try going east to explore further.,go east,,"You find yourself in a closet. A normal one.



You need an unblocked exit? You should try going east. You need an unguarded exit? You should try going west.",Closet,"You find yourself in a closet. A normal one.



You need an unblocked exit? You should try going east. You need an unguarded exit? You should try going west.",You are carrying nothing.,0 of 1,0.0,True,
