step_id,thought,action,task,feedback,location,description,inventory,score,reward,is_done,error
0,,,The dinner is almost ready! It's only missing a grilled apple.,,Bedroom,"You arrive in a bedroom. A standard one.

You see a chest drawer. You can make out an antique trunk. You hear a noise behind you and spin around, but you can't see anything other than a king-size bed. The king-size bed is usual. But the thing is empty, unfortunately.

There is a closed wooden door leading east.",You are carrying nothing.,0 of 4,0.0,False,
1,I need to find the kitchen where the apple can be grilled. I will go through the wooden door to the east to explore further.,go east,,You have to open the wooden door first.,Bedroom,"You arrive in a bedroom. A standard one.

You see a chest drawer. You can make out an antique trunk. You hear a noise behind you and spin around, but you can't see anything other than a king-size bed. The king-size bed is usual. But the thing is empty, unfortunately.

There is a closed wooden door leading east.",You are carrying nothing.,0 of 4,0.0,False,
2,"The wooden door to the east is closed, so I need to open it before I can go through it.",open wooden door,,You have to unlock the wooden door with the old key first.,Bedroom,"You arrive in a bedroom. A standard one.

You see a chest drawer. You can make out an antique trunk. You hear a noise behind you and spin around, but you can't see anything other than a king-size bed. The king-size bed is usual. But the thing is empty, unfortunately.

There is a closed wooden door leading east.",You are carrying nothing.,0 of 4,0.0,False,
3,The wooden door is locked and requires an old key to unlock it. I should search the chest drawer and the antique trunk for the old key.,open chest drawer,,"You open the chest drawer, revealing an old key.",Bedroom,"You arrive in a bedroom. A standard one.

You see a chest drawer. The chest drawer contains an old key. You can make out an antique trunk. You hear a noise behind you and spin around, but you can't see anything other than a king-size bed. The king-size bed is usual. But the thing is empty, unfortunately.

There is a closed wooden door leading east.",You are carrying nothing.,0 of 4,0.0,False,
4,I found the old key in the chest drawer. I need to take the old key and use it to unlock the wooden door.,take old key from chest drawer,,You take the old key from the chest drawer.,Bedroom,"You arrive in a bedroom. A standard one.

You see a chest drawer. What a letdown! The chest drawer is empty! You can make out an antique trunk. You hear a noise behind you and spin around, but you can't see anything other than a king-size bed. The king-size bed is usual. But the thing is empty, unfortunately.

There is a closed wooden door leading east.",You are carrying: an old key.,0 of 4,0.0,False,
5,"I have the old key, so I will use it to unlock the wooden door and then open the door to go east.",unlock wooden door with old key,,You unlock wooden door.,Bedroom,"You arrive in a bedroom. A standard one.

You see a chest drawer. What a letdown! The chest drawer is empty! You can make out an antique trunk. You hear a noise behind you and spin around, but you can't see anything other than a king-size bed. The king-size bed is usual. But the thing is empty, unfortunately.

There is a closed wooden door leading east.",You are carrying: an old key.,0 of 4,0.0,False,
6,"The door is unlocked now, so I will open the wooden door and go east to explore further.",open wooden door,,You open wooden door.,Bedroom,"You arrive in a bedroom. A standard one.

You see a chest drawer. What a letdown! The chest drawer is empty! You can make out an antique trunk. You hear a noise behind you and spin around, but you can't see anything other than a king-size bed. The king-size bed is usual. But the thing is empty, unfortunately.

There is an open wooden door leading east.",You are carrying: an old key.,0 of 4,0.0,False,
7,"The wooden door is now open, so I will go east through the door to continue my search for the grilled apple.",go east,,"You are in a kitchen. An ordinary one. The room is well lit.

You make out a refrigerator. You make out a counter. The counter is normal. But the thing hasn't got anything on it. Oh! Why couldn't there just be stuff on it? You scan the room, seeing a stove. The stove is usual. The stove appears to be empty. You can make out a kitchen island. On the kitchen island you see a note. Huh, weird.

There is a closed screen door leading east. There is an open wooden door leading west. You don't like doors? Why not try going north, that entranceway is unguarded. There is an exit to the south. Don't worry, it is unblocked.



Your score has just gone up by one point.",Kitchen,"You are in a kitchen. An ordinary one. The room is well lit.

You make out a refrigerator. You make out a counter. The counter is normal. But the thing hasn't got anything on it. Oh! Why couldn't there just be stuff on it? You scan the room, seeing a stove. The stove is usual. The stove appears to be empty. You can make out a kitchen island. On the kitchen island you see a note. Huh, weird.

There is a closed screen door leading east. There is an open wooden door leading west. You don't like doors? Why not try going north, that entranceway is unguarded. There is an exit to the south. Don't worry, it is unblocked.",You are carrying: an old key.,1 of 4,0.25,False,
8,I should examine the note on the kitchen island to see if it provides any clues or useful information.,examine note,,The dinner is almost ready! It's only missing a grilled apple.,Kitchen,"You are in a kitchen. An ordinary one. The room is well lit.

You make out a refrigerator. You make out a counter. The counter is normal. But the thing hasn't got anything on it. Oh! Why couldn't there just be stuff on it? You scan the room, seeing a stove. The stove is usual. The stove appears to be empty. You can make out a kitchen island. On the kitchen island you see a note. Huh, weird.

There is a closed screen door leading east. There is an open wooden door leading west. You don't like doors? Why not try going north, that entranceway is unguarded. There is an exit to the south. Don't worry, it is unblocked.",You are carrying: an old key.,1 of 4,0.25,False,
9,I need to find an apple to grill it. I will check the refrigerator to see if there is an apple inside.,open refrigerator,,"You open the refrigerator, revealing a bell pepper and a half of a bag of chips.",Kitchen,"You are in a kitchen. An ordinary one. The room is well lit.

You make out a refrigerator. The refrigerator contains a bell pepper and a half of a bag of chips. You make out a counter. The counter is normal. But the thing hasn't got anything on it. Oh! Why couldn't there just be stuff on it? You scan the room, seeing a stove. The stove is usual. The stove appears to be empty. You can make out a kitchen island. On the kitchen island you see a note. Huh, weird.

There is a closed screen door leading east. There is an open wooden door leading west. You don't like doors? Why not try going north, that entranceway is unguarded. There is an exit to the south. Don't worry, it is unblocked.",You are carrying: an old key.,1 of 4,0.25,False,
10,There is no apple in the refrigerator. I will check the counter to see if there is an apple there.,look counter,,The counter is shaky.,Kitchen,"You are in a kitchen. An ordinary one. The room is well lit.

You make out a refrigerator. The refrigerator contains a bell pepper and a half of a bag of chips. You make out a counter. The counter is normal. But the thing hasn't got anything on it. Oh! Why couldn't there just be stuff on it? You scan the room, seeing a stove. The stove is usual. The stove appears to be empty. You can make out a kitchen island. On the kitchen island you see a note. Huh, weird.

There is a closed screen door leading east. There is an open wooden door leading west. You don't like doors? Why not try going north, that entranceway is unguarded. There is an exit to the south. Don't worry, it is unblocked.",You are carrying: an old key.,1 of 4,0.25,False,
11,"Since the counter is shaky, I should check the kitchen island more closely for any hidden items like an apple.",examine kitchen island,,"The kitchen island is durable.

On the kitchen island is a note.",Kitchen,"You are in a kitchen. An ordinary one. The room is well lit.

You make out a refrigerator. The refrigerator contains a bell pepper and a half of a bag of chips. You make out a counter. The counter is normal. But the thing hasn't got anything on it. Oh! Why couldn't there just be stuff on it? You scan the room, seeing a stove. The stove is usual. The stove appears to be empty. You can make out a kitchen island. On the kitchen island you see a note. Huh, weird.

There is a closed screen door leading east. There is an open wooden door leading west. You don't like doors? Why not try going north, that entranceway is unguarded. There is an exit to the south. Don't worry, it is unblocked.",You are carrying: an old key.,1 of 4,0.25,False,
12,"I have already examined the note, and there is no apple on the kitchen island. I will try going north through the unguarded entranceway to explore further for an apple.",go north,,"You've entered a bathroom. The room seems oddly familiar, as though it were only superficially different from the other rooms in the building.

You see a gleam over in a corner, where you can see a toilet. Wow, check out the price tag glued to the toilet! Thirty big ones! You can see a bath. You see a sink. On the sink you see a toothbrush.

You need an unblocked exit? You should try going south.",Bathroom,"You've entered a bathroom. The room seems oddly familiar, as though it were only superficially different from the other rooms in the building.

You see a gleam over in a corner, where you can see a toilet. Wow, check out the price tag glued to the toilet! Thirty big ones! You can see a bath. You see a sink. On the sink you see a toothbrush.

You need an unblocked exit? You should try going south.",You are carrying: an old key.,1 of 4,0.25,False,
13,"There is no apple in the bathroom, so I will return to the kitchen and check the other doors for an apple.",go south,,"You are in a kitchen. An ordinary one. The room is well lit.

You make out a refrigerator. The refrigerator contains a bell pepper and a half of a bag of chips. You make out a counter. The counter is normal. But the thing hasn't got anything on it. Oh! Why couldn't there just be stuff on it? You scan the room, seeing a stove. The stove is usual. The stove appears to be empty. You can make out a kitchen island. On the kitchen island you see a note. Huh, weird.

There is a closed screen door leading east. There is an open wooden door leading west. You don't like doors? Why not try going north, that entranceway is unguarded. There is an exit to the south. Don't worry, it is unblocked.",Kitchen,"You are in a kitchen. An ordinary one. The room is well lit.

You make out a refrigerator. The refrigerator contains a bell pepper and a half of a bag of chips. You make out a counter. The counter is normal. But the thing hasn't got anything on it. Oh! Why couldn't there just be stuff on it? You scan the room, seeing a stove. The stove is usual. The stove appears to be empty. You can make out a kitchen island. On the kitchen island you see a note. Huh, weird.

There is a closed screen door leading east. There is an open wooden door leading west. You don't like doors? Why not try going north, that entranceway is unguarded. There is an exit to the south. Don't worry, it is unblocked.",You are carrying: an old key.,1 of 4,0.25,False,
14,I will try going west through the open wooden door to see if there is an apple there.,go west,,"You arrive in a bedroom. A standard one.

You see a chest drawer. What a letdown! The chest drawer is empty! You can make out an antique trunk. You hear a noise behind you and spin around, but you can't see anything other than a king-size bed. The king-size bed is usual. But the thing is empty, unfortunately.

There is an open wooden door leading east.",Bedroom,"You arrive in a bedroom. A standard one.

You see a chest drawer. What a letdown! The chest drawer is empty! You can make out an antique trunk. You hear a noise behind you and spin around, but you can't see anything other than a king-size bed. The king-size bed is usual. But the thing is empty, unfortunately.

There is an open wooden door leading east.",You are carrying: an old key.,1 of 4,0.25,False,
15,I will examine the antique trunk in the bedroom to see if it contains an apple.,open antique trunk,,You open the antique trunk.,Bedroom,"You arrive in a bedroom. A standard one.

You see a chest drawer. What a letdown! The chest drawer is empty! You can make out an antique trunk. The antique trunk is empty! This is the worst thing that could possibly happen, ever! You hear a noise behind you and spin around, but you can't see anything other than a king-size bed. The king-size bed is usual. But the thing is empty, unfortunately.

There is an open wooden door leading east.",You are carrying: an old key.,1 of 4,0.25,False,
16,"Since the antique trunk is empty, I will go back east to the kitchen and check the refrigerator for an apple.",go east,,"You are in a kitchen. An ordinary one. The room is well lit.

You make out a refrigerator. The refrigerator contains a bell pepper and a half of a bag of chips. You make out a counter. The counter is normal. But the thing hasn't got anything on it. Oh! Why couldn't there just be stuff on it? You scan the room, seeing a stove. The stove is usual. The stove appears to be empty. You can make out a kitchen island. On the kitchen island you see a note. Huh, weird.

There is a closed screen door leading east. There is an open wooden door leading west. You don't like doors? Why not try going north, that entranceway is unguarded. There is an exit to the south. Don't worry, it is unblocked.",Kitchen,"You are in a kitchen. An ordinary one. The room is well lit.

You make out a refrigerator. The refrigerator contains a bell pepper and a half of a bag of chips. You make out a counter. The counter is normal. But the thing hasn't got anything on it. Oh! Why couldn't there just be stuff on it? You scan the room, seeing a stove. The stove is usual. The stove appears to be empty. You can make out a kitchen island. On the kitchen island you see a note. Huh, weird.

There is a closed screen door leading east. There is an open wooden door leading west. You don't like doors? Why not try going north, that entranceway is unguarded. There is an exit to the south. Don't worry, it is unblocked.",You are carrying: an old key.,1 of 4,0.25,False,
17,I will open the refrigerator to check if there is an apple inside.,open refrigerator,,That's already open.,Kitchen,"You are in a kitchen. An ordinary one. The room is well lit.

You make out a refrigerator. The refrigerator contains a bell pepper and a half of a bag of chips. You make out a counter. The counter is normal. But the thing hasn't got anything on it. Oh! Why couldn't there just be stuff on it? You scan the room, seeing a stove. The stove is usual. The stove appears to be empty. You can make out a kitchen island. On the kitchen island you see a note. Huh, weird.

There is a closed screen door leading east. There is an open wooden door leading west. You don't like doors? Why not try going north, that entranceway is unguarded. There is an exit to the south. Don't worry, it is unblocked.",You are carrying: an old key.,1 of 4,0.25,False,
18,"Since there is no apple in the kitchen, I will try going north to explore the next room for an apple.",go north,,"You've entered a bathroom. The room seems oddly familiar, as though it were only superficially different from the other rooms in the building.

You see a gleam over in a corner, where you can see a toilet. Wow, check out the price tag glued to the toilet! Thirty big ones! You can see a bath. You see a sink. On the sink you see a toothbrush.

You need an unblocked exit? You should try going south.",Bathroom,"You've entered a bathroom. The room seems oddly familiar, as though it were only superficially different from the other rooms in the building.

You see a gleam over in a corner, where you can see a toilet. Wow, check out the price tag glued to the toilet! Thirty big ones! You can see a bath. You see a sink. On the sink you see a toothbrush.

You need an unblocked exit? You should try going south.",You are carrying: an old key.,1 of 4,0.25,False,
19,"There is no apple in the bathroom, so I will go back south to the kitchen and try the screen door to the east.",go south,,"You are in a kitchen. An ordinary one. The room is well lit.

You make out a refrigerator. The refrigerator contains a bell pepper and a half of a bag of chips. You make out a counter. The counter is normal. But the thing hasn't got anything on it. Oh! Why couldn't there just be stuff on it? You scan the room, seeing a stove. The stove is usual. The stove appears to be empty. You can make out a kitchen island. On the kitchen island you see a note. Huh, weird.

There is a closed screen door leading east. There is an open wooden door leading west. You don't like doors? Why not try going north, that entranceway is unguarded. There is an exit to the south. Don't worry, it is unblocked.",Kitchen,"You are in a kitchen. An ordinary one. The room is well lit.

You make out a refrigerator. The refrigerator contains a bell pepper and a half of a bag of chips. You make out a counter. The counter is normal. But the thing hasn't got anything on it. Oh! Why couldn't there just be stuff on it? You scan the room, seeing a stove. The stove is usual. The stove appears to be empty. You can make out a kitchen island. On the kitchen island you see a note. Huh, weird.

There is a closed screen door leading east. There is an open wooden door leading west. You don't like doors? Why not try going north, that entranceway is unguarded. There is an exit to the south. Don't worry, it is unblocked.",You are carrying: an old key.,1 of 4,0.25,False,
20,I will open the screen door leading east to see if there is an apple outside.,open screen door,,"You open screen door.


Your score has just gone up by one point.",Kitchen,"You are in a kitchen. An ordinary one. The room is well lit.

You make out a refrigerator. The refrigerator contains a bell pepper and a half of a bag of chips. You make out a counter. The counter is normal. But the thing hasn't got anything on it. Oh! Why couldn't there just be stuff on it? You scan the room, seeing a stove. The stove is usual. The stove appears to be empty. You can make out a kitchen island. On the kitchen island you see a note. Huh, weird.

There is an open screen door leading east. There is an open wooden door leading west. You don't like doors? Why not try going north, that entranceway is unguarded. There is an exit to the south. Don't worry, it is unblocked.",You are carrying: an old key.,2 of 4,0.5,True,
