step_id,plan,thought,action,task,feedback,location,description,inventory,score,reward,is_done,error
0,,,,The dinner is almost ready! It's only missing a grilled milk.,,Bedroom,"You are in a bedroom. An ordinary one.

You see a chest drawer. You see an antique trunk. You scan the room, seeing a king-size bed. The king-size bed is standard. But the thing is empty, unfortunately.

There is a closed wooden door leading east.",You are carrying nothing.,0 of 7,0.0,False,
1,,I'll examine the antique trunk to see if it contains anything useful.,examine antique trunk,,"The antique trunk looks strong, and impossible to crack. You can't see inside it because the lid's in your way.",Bedroom,"You are in a bedroom. An ordinary one.

You see a chest drawer. You see an antique trunk. You scan the room, seeing a king-size bed. The king-size bed is standard. But the thing is empty, unfortunately.

There is a closed wooden door leading east.",You are carrying nothing.,0 of 7,0.0,False,
2,,I'll open the antique trunk to look inside.,open antique trunk,,You open the antique trunk.,Bedroom,"You are in a bedroom. An ordinary one.

You see a chest drawer. You see an antique trunk. What a letdown! The antique trunk is empty! You scan the room, seeing a king-size bed. The king-size bed is standard. But the thing is empty, unfortunately.

There is a closed wooden door leading east.",You are carrying nothing.,0 of 7,0.0,False,
3,,I'll open the chest drawer to see if there's anything useful inside.,open chest drawer,,"You open the chest drawer, revealing an old key.


Your score has just gone up by one point.",Bedroom,"You are in a bedroom. An ordinary one.

You see a chest drawer. The chest drawer contains an old key. You see an antique trunk. What a letdown! The antique trunk is empty! You scan the room, seeing a king-size bed. The king-size bed is standard. But the thing is empty, unfortunately.

There is a closed wooden door leading east.",You are carrying nothing.,1 of 7,0.14285714285714285,False,
4,,I'll take the old key from the chest drawer.,take old key from chest drawer,,"You take the old key from the chest drawer.



Your score has just gone up by one point.",Bedroom,"You are in a bedroom. An ordinary one.

You see a chest drawer. The chest drawer is empty! This is the worst thing that could possibly happen, ever! You see an antique trunk. What a letdown! The antique trunk is empty! You scan the room, seeing a king-size bed. The king-size bed is standard. But the thing is empty, unfortunately.

There is a closed wooden door leading east.",You are carrying: an old key.,2 of 7,0.2857142857142857,False,
5,,I'll try unlocking the wooden door with the old key so I can go east and explore.,unlock wooden door with old key,,"You unlock wooden door.


Your score has just gone up by one point.",Bedroom,"You are in a bedroom. An ordinary one.

You see a chest drawer. The chest drawer is empty! This is the worst thing that could possibly happen, ever! You see an antique trunk. What a letdown! The antique trunk is empty! You scan the room, seeing a king-size bed. The king-size bed is standard. But the thing is empty, unfortunately.

There is a closed wooden door leading east.",You are carrying: an old key.,3 of 7,0.42857142857142855,False,
6,,I'll go east through the unlocked wooden door to explore the next room.,go east,,You have to open the wooden door first.,Bedroom,"You are in a bedroom. An ordinary one.

You see a chest drawer. The chest drawer is empty! This is the worst thing that could possibly happen, ever! You see an antique trunk. What a letdown! The antique trunk is empty! You scan the room, seeing a king-size bed. The king-size bed is standard. But the thing is empty, unfortunately.

There is a closed wooden door leading east.",You are carrying: an old key.,3 of 7,0.42857142857142855,False,
7,,I'll open the wooden door so I can go east.,open wooden door,,"You open wooden door.


Your score has just gone up by one point.",Bedroom,"You are in a bedroom. An ordinary one.

You see a chest drawer. The chest drawer is empty! This is the worst thing that could possibly happen, ever! You see an antique trunk. What a letdown! The antique trunk is empty! You scan the room, seeing a king-size bed. The king-size bed is standard. But the thing is empty, unfortunately.

There is an open wooden door leading east.",You are carrying: an old key.,4 of 7,0.5714285714285714,False,
8,,I'll go east through the open wooden door to explore the next room.,go east,,"You are in a kitchen. An ordinary kind of place.

You can make out a closed refrigerator. You see a counter. You wonder idly who left that here. But the thing is empty. You can make out a stove. The stove is usual. The stove appears to be empty. You can see a kitchen island. The kitchen island is normal. On the kitchen island you see a note, so there's that.

There is a closed screen door leading east. There is an open wooden door leading west. You need an unguarded exit? You should try going north. There is an unblocked exit to the south.



Your score has just gone up by one point.",Kitchen,"You are in a kitchen. An ordinary kind of place.

You can make out a closed refrigerator. You see a counter. You wonder idly who left that here. But the thing is empty. You can make out a stove. The stove is usual. The stove appears to be empty. You can see a kitchen island. The kitchen island is normal. On the kitchen island you see a note, so there's that.

There is a closed screen door leading east. There is an open wooden door leading west. You need an unguarded exit? You should try going north. There is an unblocked exit to the south.",You are carrying: an old key.,5 of 7,0.7142857142857143,False,
9,,I'll open the refrigerator to look for milk to grill.,open refrigerator,,"You open the refrigerator, revealing an apple and a milk.",Kitchen,"You are in a kitchen. An ordinary kind of place.

You can make out an opened refrigerator. The refrigerator contains an apple and a milk, so there's that. You see a counter. You wonder idly who left that here. But the thing is empty. You can make out a stove. The stove is usual. The stove appears to be empty. You can see a kitchen island. The kitchen island is normal. On the kitchen island you see a note, so there's that.

There is a closed screen door leading east. There is an open wooden door leading west. You need an unguarded exit? You should try going north. There is an unblocked exit to the south.",You are carrying: an old key.,5 of 7,0.7142857142857143,False,
10,,I'll take the milk from the refrigerator so I can cook it.,take milk from refrigerator,,"You take the milk from the refrigerator.



Your score has just gone up by one point.",Kitchen,"You are in a kitchen. An ordinary kind of place.

You can make out an opened refrigerator. The refrigerator contains an apple, so there's that. You see a counter. You wonder idly who left that here. But the thing is empty. You can make out a stove. The stove is usual. The stove appears to be empty. You can see a kitchen island. The kitchen island is normal. On the kitchen island you see a note, so there's that.

There is a closed screen door leading east. There is an open wooden door leading west. You need an unguarded exit? You should try going north. There is an unblocked exit to the south.",You are carrying: a milk and an old key.,6 of 7,0.8571428571428571,False,
11,,I'll cook the milk with the stove to make the grilled milk.,cook milk with stove,,That's not a verb I recognise.,Kitchen,"You are in a kitchen. An ordinary kind of place.

You can make out an opened refrigerator. The refrigerator contains an apple, so there's that. You see a counter. You wonder idly who left that here. But the thing is empty. You can make out a stove. The stove is usual. The stove appears to be empty. You can see a kitchen island. The kitchen island is normal. On the kitchen island you see a note, so there's that.

There is a closed screen door leading east. There is an open wooden door leading west. You need an unguarded exit? You should try going north. There is an unblocked exit to the south.",You are carrying: a milk and an old key.,6 of 7,0.8571428571428571,False,
12,,I'll put the milk on the stove so I can cook it.,put milk on stove,,"You put the milk on the stove.


Your score has just gone up by one point.


                               *** The End ***

You scored 7 out of a possible 7, in 12 turns.


Would you like to RESTART, RESTORE a saved game, QUIT or UNDO the last command?
>",Kitchen,"You are in a kitchen. An ordinary kind of place.

You can make out an opened refrigerator. The refrigerator contains an apple, so there's that. You see a counter. You wonder idly who left that here. But the thing is empty. You can make out a stove. The stove is usual. On the stove you can see a milk. Wow! Just like in the movies! You can see a kitchen island. The kitchen island is normal. On the kitchen island you see a note, so there's that.

There is a closed screen door leading east. There is an open wooden door leading west. You need an unguarded exit? You should try going north. There is an unblocked exit to the south.",You are carrying: an old key.,7 of 7,1.0,True,
