step_id,plan,summary,thought,action,task,feedback,location,description,inventory,score,reward,is_done,error
0,,,,,"It's time to explore the amazing world of TextWorld! Here is how to play! Your first objective is to make an effort to move west. And then, recover the passkey from the floor of the laundromat. That's it!",,Canteen,"You find yourself in a canteen. An ordinary kind of place.

Oh wow! Is that what I think it is? It is! It's a case. Were you looking for a chest? Because look over there, it's a chest. You see a saucepan. But the thing is empty, unfortunately. This always happens, here in TextWorld!

You need an unguarded exit? You should try going north. You don't like doors? Why not try going west, that entranceway is unblocked.",You are carrying nothing.,0 of 1,0.0,False,
1,,,I should go west as the first step of the objective.,go west,,"You have walked into a laundromat. Not the laundromat you'd expect. No, this is a laundromat.

You see a gleam over in a corner, where you can see a counter. Looks like someone's already been here and taken everything off it, though. Oh! Why couldn't there just be stuff on it?

There is an unblocked exit to the east. You don't like doors? Why not try going north, that entranceway is unblocked.

There is a passkey on the floor.",Laundromat,"You have walked into a laundromat. Not the laundromat you'd expect. No, this is a laundromat.

You see a gleam over in a corner, where you can see a counter. Looks like someone's already been here and taken everything off it, though. Oh! Why couldn't there just be stuff on it?

There is an unblocked exit to the east. You don't like doors? Why not try going north, that entranceway is unblocked.

There is a passkey on the floor.",You are carrying nothing.,0 of 1,0.0,False,
2,,,I should take the passkey from the floor in the laundromat.,take passkey from floor,,"You pick up the passkey from the ground.



Your score has just gone up by one point.


                               *** The End ***

You scored 1 out of a possible 1, in 3 turns.


Would you like to RESTART, RESTORE a saved game, QUIT or UNDO the last command?
>",Laundromat,"You have walked into a laundromat. Not the laundromat you'd expect. No, this is a laundromat.

You see a gleam over in a corner, where you can see a counter. Looks like someone's already been here and taken everything off it, though. Oh! Why couldn't there just be stuff on it?

There is an unblocked exit to the east. You don't like doors? Why not try going north, that entranceway is unblocked.",You are carrying: a passkey.,1 of 1,1.0,True,
