step_id,plan,summary,thought,action,task,feedback,location,description,inventory,score,reward,is_done,error
0,,,,,"Hey, thanks for coming over to the TextWorld today, there is something I need you to do for me. First stop, try to go to the west. And then, make an attempt to move south. And then, try to venture west. That done, go to the north. And then, try to head north. Following that, ensure that the box is open. And then, recover the latchkey from the box within the workshop. Alright, thanks!",,Closet,"You're now in the closet.



There is an exit to the south. Don't worry, it is unguarded. There is an unguarded exit to the west.",You are carrying nothing.,0 of 1,0.0,False,
1,,I am in the closet.,I will try to go west first as instructed.,go west,,"You've just sauntered into a studio. You begin looking for stuff.

You scan the room for a coffer, and you find a coffer. Now why would someone leave that there?

You need an unblocked exit? You should try going east. You need an unguarded exit? You should try going north. There is an unblocked exit to the south. There is an unblocked exit to the west.",Studio,"You've just sauntered into a studio. You begin looking for stuff.

You scan the room for a coffer, and you find a coffer. Now why would someone leave that there?

You need an unblocked exit? You should try going east. You need an unguarded exit? You should try going north. There is an unblocked exit to the south. There is an unblocked exit to the west.",You are carrying nothing.,0 of 1,0.0,False,
2,,I went west and arrived in the studio where I found a coffer.,"Next, I will try to go south as instructed.",go south,,"You have entered the most normal of all possible bedchambers.

You make out a portmanteau.

You need an unblocked exit? You should try going east. There is an unguarded exit to the north. You need an unguarded exit? You should try going south. There is an exit to the west. Don't worry, it is unblocked.",Bedchamber,"You have entered the most normal of all possible bedchambers.

You make out a portmanteau.

You need an unblocked exit? You should try going east. There is an unguarded exit to the north. You need an unguarded exit? You should try going south. There is an exit to the west. Don't worry, it is unblocked.",You are carrying nothing.,0 of 1,0.0,False,
3,,I went south and arrived in the bedchamber where I saw a portmanteau.,"Next, I will try to go west as instructed.",go west,,"You find yourself in a laundromat. A typical one.

Were you looking for a board? Because look over there, it's a board. The board is typical. Unfortunately, there isn't a thing on it.

There is an exit to the east. Don't worry, it is unguarded. There is an exit to the north. Don't worry, it is unblocked.",Laundromat,"You find yourself in a laundromat. A typical one.

Were you looking for a board? Because look over there, it's a board. The board is typical. Unfortunately, there isn't a thing on it.

There is an exit to the east. Don't worry, it is unguarded. There is an exit to the north. Don't worry, it is unblocked.",You are carrying nothing.,0 of 1,0.0,False,
4,,I went west and arrived in the laundromat where I saw a board.,"Next, I will try to go north as instructed.",go north,,"I am pleased to announce that you are now in the sauna.

You can make out a closed normal looking drawer in the room. An open safe is here. Empty! What kind of nightmare TextWorld is this? You make out a rack. The rack is usual. But the thing is empty.

There is an open portal leading north. There is an open gateway leading west. There is an unguarded exit to the east. There is an exit to the south. Don't worry, it is unblocked.",Sauna,"I am pleased to announce that you are now in the sauna.

You can make out a closed normal looking drawer in the room. An open safe is here. Empty! What kind of nightmare TextWorld is this? You make out a rack. The rack is usual. But the thing is empty.

There is an open portal leading north. There is an open gateway leading west. There is an unguarded exit to the east. There is an exit to the south. Don't worry, it is unblocked.",You are carrying nothing.,0 of 1,0.0,False,
5,,"I went north and arrived in the sauna where there is a closed drawer, an open empty safe, and an empty rack.","Next, I will try to go north again as instructed.",go north,,"You've entered a workshop. Let's see what's in here.

You can make out a closed box nearby. You can make out a table. But there isn't a thing on it. It would have been so cool if there was stuff on the table.

There is an open maple passageway leading east. There is an open portal leading south. You don't like doors? Why not try going north, that entranceway is unblocked.",Workshop,"You've entered a workshop. Let's see what's in here.

You can make out a closed box nearby. You can make out a table. But there isn't a thing on it. It would have been so cool if there was stuff on the table.

There is an open maple passageway leading east. There is an open portal leading south. You don't like doors? Why not try going north, that entranceway is unblocked.",You are carrying nothing.,0 of 1,0.0,False,
6,,I went north and arrived in the workshop where there is a closed box and a table.,I will open the box as instructed.,open box,,"You open the box, revealing a latchkey.",Workshop,"You've entered a workshop. Let's see what's in here.

You can make out an opened box nearby. The box contains a latchkey. There's something strange about this being here, but you can't put your finger on it. You can make out a table. But there isn't a thing on it. It would have been so cool if there was stuff on the table.

There is an open maple passageway leading east. There is an open portal leading south. You don't like doors? Why not try going north, that entranceway is unblocked.",You are carrying nothing.,0 of 1,0.0,False,
7,,I opened the box and found a latchkey inside.,I will take the latchkey from the box.,take latchkey from box,,"You take the latchkey from the box.



Your score has just gone up by one point.


                               *** The End ***

You scored 1 out of a possible 1, in 8 turns.


Would you like to RESTART, RESTORE a saved game, QUIT or UNDO the last command?
>",Workshop,"You've entered a workshop. Let's see what's in here.

You can make out an opened box nearby. Empty! What kind of nightmare TextWorld is this? You can make out a table. But there isn't a thing on it. It would have been so cool if there was stuff on the table.

There is an open maple passageway leading east. There is an open portal leading south. You don't like doors? Why not try going north, that entranceway is unblocked.",You are carrying: a latchkey.,1 of 1,1.0,True,
