step_id,thought,action,task,feedback,location,description,inventory,score,reward,is_done,error
0,,,"You are hungry! Let's cook a delicious meal. Check the cookbook in the kitchen for the recipe. Once done, enjoy your meal!",,Kitchen,"You arrive in a kitchen. A normal kind of place. You begin looking for stuff.

You bend down to tie your shoe. When you stand up, you notice a fridge. You see an oven. Oh, great. Here's a table. But there isn't a thing on it. You make out a counter. The counter is vast. On the counter you can make out a cookbook and a knife. You make out a stove. The stove is conventional. But there isn't a thing on it.","You are carrying: a yellow bell pepper, a raw yellow potato and an orange bell pepper.",0 of 7,0.0,False,
1,I should check the cookbook for the recipe first.,examine cookbook,,"You open the copy of ""Cooking: A Modern Approach (3rd Ed.)"" and start reading:

Recipe #1
---------
Gather all following ingredients and follow the directions to prepare this tasty meal.

Ingredients:
red onion
  yellow bell pepper

Directions:
slice the red onion
  fry the red onion
  chop the yellow bell pepper
  roast the yellow bell pepper
  prepare meal",Kitchen,"You arrive in a kitchen. A normal kind of place. You begin looking for stuff.

You bend down to tie your shoe. When you stand up, you notice a fridge. You see an oven. Oh, great. Here's a table. But there isn't a thing on it. You make out a counter. The counter is vast. On the counter you can make out a cookbook and a knife. You make out a stove. The stove is conventional. But there isn't a thing on it.","You are carrying: a yellow bell pepper, a raw yellow potato and an orange bell pepper.",0 of 7,0.0,False,
2,"I need the red onion ingredient, likely in the fridge, so I should open it.",open fridge,,"You open the fridge, revealing a red onion, a raw red potato and a white onion.",Kitchen,"You arrive in a kitchen. A normal kind of place. You begin looking for stuff.

You bend down to tie your shoe. When you stand up, you notice a fridge. The fridge contains a red onion, a raw red potato and a white onion. Something scurries by right in the corner of your eye. Probably nothing. You see an oven. Oh, great. Here's a table. But there isn't a thing on it. You make out a counter. The counter is vast. On the counter you can make out a cookbook and a knife. You make out a stove. The stove is conventional. But there isn't a thing on it.","You are carrying: a yellow bell pepper, a raw yellow potato and an orange bell pepper.",0 of 7,0.0,False,
3,I should take the red onion from the fridge to start prepping it.,take red onion from fridge,,You're carrying too many things already.,Kitchen,"You arrive in a kitchen. A normal kind of place. You begin looking for stuff.

You bend down to tie your shoe. When you stand up, you notice a fridge. The fridge contains a red onion, a raw red potato and a white onion. Something scurries by right in the corner of your eye. Probably nothing. You see an oven. Oh, great. Here's a table. But there isn't a thing on it. You make out a counter. The counter is vast. On the counter you can make out a cookbook and a knife. You make out a stove. The stove is conventional. But there isn't a thing on it.","You are carrying: a yellow bell pepper, a raw yellow potato and an orange bell pepper.",0 of 7,0.0,False,
4,"I need inventory space, so I should drop an unneeded item like the raw yellow potato.",drop raw yellow potato,,You drop the yellow potato on the ground.,Kitchen,"You arrive in a kitchen. A normal kind of place. You begin looking for stuff.

You bend down to tie your shoe. When you stand up, you notice a fridge. The fridge contains a red onion, a raw red potato and a white onion. Something scurries by right in the corner of your eye. Probably nothing. You see an oven. Oh, great. Here's a table. But there isn't a thing on it. You make out a counter. The counter is vast. On the counter you can make out a cookbook and a knife. You make out a stove. The stove is conventional. But there isn't a thing on it.



There is a raw yellow potato on the floor.",You are carrying: a yellow bell pepper and an orange bell pepper.,0 of 7,0.0,False,
5,Now I can pick up the red onion needed for the recipe.,take red onion from fridge,,You're carrying too many things already.,Kitchen,"You arrive in a kitchen. A normal kind of place. You begin looking for stuff.

You bend down to tie your shoe. When you stand up, you notice a fridge. The fridge contains a red onion, a raw red potato and a white onion. Something scurries by right in the corner of your eye. Probably nothing. You see an oven. Oh, great. Here's a table. But there isn't a thing on it. You make out a counter. The counter is vast. On the counter you can make out a cookbook and a knife. You make out a stove. The stove is conventional. But there isn't a thing on it.



There is a raw yellow potato on the floor.",You are carrying: a yellow bell pepper and an orange bell pepper.,0 of 7,0.0,False,
6,"I still have extra items; the orange bell pepper isn't needed, so I should drop it to free space.",drop orange bell pepper,,You drop the orange bell pepper on the ground.,Kitchen,"You arrive in a kitchen. A normal kind of place. You begin looking for stuff.

You bend down to tie your shoe. When you stand up, you notice a fridge. The fridge contains a red onion, a raw red potato and a white onion. Something scurries by right in the corner of your eye. Probably nothing. You see an oven. Oh, great. Here's a table. But there isn't a thing on it. You make out a counter. The counter is vast. On the counter you can make out a cookbook and a knife. You make out a stove. The stove is conventional. But there isn't a thing on it.



There is an orange bell pepper and a raw yellow potato on the floor.",You are carrying: a yellow bell pepper.,0 of 7,0.0,False,
7,"With space free, I can take the red onion from the fridge.",take red onion from fridge,,"You take the red onion from the fridge.



Your score has just gone up by one point.",Kitchen,"You arrive in a kitchen. A normal kind of place. You begin looking for stuff.

You bend down to tie your shoe. When you stand up, you notice a fridge. The fridge contains a raw red potato and a white onion. Something scurries by right in the corner of your eye. Probably nothing. You see an oven. Oh, great. Here's a table. But there isn't a thing on it. You make out a counter. The counter is vast. On the counter you can make out a cookbook and a knife. You make out a stove. The stove is conventional. But there isn't a thing on it.



There is an orange bell pepper and a raw yellow potato on the floor.",You are carrying: a red onion and a yellow bell pepper.,1 of 7,0.14285714285714285,False,
8,I need to read the cookbook to know the recipe steps.,examine cookbook,,"You open the copy of ""Cooking: A Modern Approach (3rd Ed.)"" and start reading:

Recipe #1
---------
Gather all following ingredients and follow the directions to prepare this tasty meal.

Ingredients:
red onion
  yellow bell pepper

Directions:
slice the red onion
  fry the red onion
  chop the yellow bell pepper
  roast the yellow bell pepper
  prepare meal",Kitchen,"You arrive in a kitchen. A normal kind of place. You begin looking for stuff.

You bend down to tie your shoe. When you stand up, you notice a fridge. The fridge contains a raw red potato and a white onion. Something scurries by right in the corner of your eye. Probably nothing. You see an oven. Oh, great. Here's a table. But there isn't a thing on it. You make out a counter. The counter is vast. On the counter you can make out a cookbook and a knife. You make out a stove. The stove is conventional. But there isn't a thing on it.



There is an orange bell pepper and a raw yellow potato on the floor.",You are carrying: a red onion and a yellow bell pepper.,1 of 7,0.14285714285714285,False,
9,I need the knife to slice and chop the ingredients.,take knife from counter,,You're carrying too many things already.,Kitchen,"You arrive in a kitchen. A normal kind of place. You begin looking for stuff.

You bend down to tie your shoe. When you stand up, you notice a fridge. The fridge contains a raw red potato and a white onion. Something scurries by right in the corner of your eye. Probably nothing. You see an oven. Oh, great. Here's a table. But there isn't a thing on it. You make out a counter. The counter is vast. On the counter you can make out a cookbook and a knife. You make out a stove. The stove is conventional. But there isn't a thing on it.



There is an orange bell pepper and a raw yellow potato on the floor.",You are carrying: a red onion and a yellow bell pepper.,1 of 7,0.14285714285714285,False,
10,"To make room for the knife, I should temporarily drop one ingredient, then pick up the knife.",drop yellow bell pepper,,You drop the yellow bell pepper on the ground.,Kitchen,"You arrive in a kitchen. A normal kind of place. You begin looking for stuff.

You bend down to tie your shoe. When you stand up, you notice a fridge. The fridge contains a raw red potato and a white onion. Something scurries by right in the corner of your eye. Probably nothing. You see an oven. Oh, great. Here's a table. But there isn't a thing on it. You make out a counter. The counter is vast. On the counter you can make out a cookbook and a knife. You make out a stove. The stove is conventional. But there isn't a thing on it.



There is a yellow bell pepper, an orange bell pepper and a raw yellow potato on the floor.",You are carrying: a red onion.,1 of 7,0.14285714285714285,False,
11,Now I can pick up the knife from the counter.,take knife from counter,,You take the knife from the counter.,Kitchen,"You arrive in a kitchen. A normal kind of place. You begin looking for stuff.

You bend down to tie your shoe. When you stand up, you notice a fridge. The fridge contains a raw red potato and a white onion. Something scurries by right in the corner of your eye. Probably nothing. You see an oven. Oh, great. Here's a table. But there isn't a thing on it. You make out a counter. The counter is vast. On the counter you can make out a cookbook. You make out a stove. The stove is conventional. But there isn't a thing on it.



There is a yellow bell pepper, an orange bell pepper and a raw yellow potato on the floor.",You are carrying: a knife and a red onion.,1 of 7,0.14285714285714285,False,
12,First recipe step is to slice the red onion using the knife.,slice red onion with knife,,"You slice the red onion.



Your score has just gone up by one point.",Kitchen,"You arrive in a kitchen. A normal kind of place. You begin looking for stuff.

You bend down to tie your shoe. When you stand up, you notice a fridge. The fridge contains a raw red potato and a white onion. Something scurries by right in the corner of your eye. Probably nothing. You see an oven. Oh, great. Here's a table. But there isn't a thing on it. You make out a counter. The counter is vast. On the counter you can make out a cookbook. You make out a stove. The stove is conventional. But there isn't a thing on it.



There is a yellow bell pepper, an orange bell pepper and a raw yellow potato on the floor.",You are carrying: a knife and a sliced red onion.,2 of 7,0.2857142857142857,False,
13,Next I must fry the sliced red onion using the stove.,cook sliced red onion with stove,,"You fried the red onion.



Your score has just gone up by one point.",Kitchen,"You arrive in a kitchen. A normal kind of place. You begin looking for stuff.

You bend down to tie your shoe. When you stand up, you notice a fridge. The fridge contains a raw red potato and a white onion. Something scurries by right in the corner of your eye. Probably nothing. You see an oven. Oh, great. Here's a table. But there isn't a thing on it. You make out a counter. The counter is vast. On the counter you can make out a cookbook. You make out a stove. The stove is conventional. But there isn't a thing on it.



There is a yellow bell pepper, an orange bell pepper and a raw yellow potato on the floor.",You are carrying: a knife and a sliced fried red onion.,3 of 7,0.42857142857142855,False,
14,I need the yellow bell pepper back to chop and roast it.,take yellow bell pepper,,You're carrying too many things already.,Kitchen,"You arrive in a kitchen. A normal kind of place. You begin looking for stuff.

You bend down to tie your shoe. When you stand up, you notice a fridge. The fridge contains a raw red potato and a white onion. Something scurries by right in the corner of your eye. Probably nothing. You see an oven. Oh, great. Here's a table. But there isn't a thing on it. You make out a counter. The counter is vast. On the counter you can make out a cookbook. You make out a stove. The stove is conventional. But there isn't a thing on it.



There is a yellow bell pepper, an orange bell pepper and a raw yellow potato on the floor.",You are carrying: a knife and a sliced fried red onion.,3 of 7,0.42857142857142855,False,
15,"I must free up space by dropping the knife briefly, then pick up the yellow bell pepper.",drop knife,,You drop the knife on the ground.,Kitchen,"You arrive in a kitchen. A normal kind of place. You begin looking for stuff.

You bend down to tie your shoe. When you stand up, you notice a fridge. The fridge contains a raw red potato and a white onion. Something scurries by right in the corner of your eye. Probably nothing. You see an oven. Oh, great. Here's a table. But there isn't a thing on it. You make out a counter. The counter is vast. On the counter you can make out a cookbook. You make out a stove. The stove is conventional. But there isn't a thing on it.



There is a knife, a yellow bell pepper, an orange bell pepper and a raw yellow potato on the floor.",You are carrying: a sliced fried red onion.,3 of 7,0.42857142857142855,False,
16,Now I can take the yellow bell pepper.,take yellow bell pepper,,You pick up the yellow bell pepper from the ground.,Kitchen,"You arrive in a kitchen. A normal kind of place. You begin looking for stuff.

You bend down to tie your shoe. When you stand up, you notice a fridge. The fridge contains a raw red potato and a white onion. Something scurries by right in the corner of your eye. Probably nothing. You see an oven. Oh, great. Here's a table. But there isn't a thing on it. You make out a counter. The counter is vast. On the counter you can make out a cookbook. You make out a stove. The stove is conventional. But there isn't a thing on it.



There is a knife, an orange bell pepper and a raw yellow potato on the floor.",You are carrying: a yellow bell pepper and a sliced fried red onion.,3 of 7,0.42857142857142855,False,
17,I need the knife again to chop the yellow bell pepper.,take knife,,You're carrying too many things already.,Kitchen,"You arrive in a kitchen. A normal kind of place. You begin looking for stuff.

You bend down to tie your shoe. When you stand up, you notice a fridge. The fridge contains a raw red potato and a white onion. Something scurries by right in the corner of your eye. Probably nothing. You see an oven. Oh, great. Here's a table. But there isn't a thing on it. You make out a counter. The counter is vast. On the counter you can make out a cookbook. You make out a stove. The stove is conventional. But there isn't a thing on it.



There is a knife, an orange bell pepper and a raw yellow potato on the floor.",You are carrying: a yellow bell pepper and a sliced fried red onion.,3 of 7,0.42857142857142855,False,
18,"To pick up the knife, I should drop the cooked onion temporarily, then take the knife.",drop sliced fried red onion,,You drop the red onion on the ground.,Kitchen,"You arrive in a kitchen. A normal kind of place. You begin looking for stuff.

You bend down to tie your shoe. When you stand up, you notice a fridge. The fridge contains a raw red potato and a white onion. Something scurries by right in the corner of your eye. Probably nothing. You see an oven. Oh, great. Here's a table. But there isn't a thing on it. You make out a counter. The counter is vast. On the counter you can make out a cookbook. You make out a stove. The stove is conventional. But there isn't a thing on it.



There is a sliced fried red onion, a knife, an orange bell pepper and a raw yellow potato on the floor.",You are carrying: a yellow bell pepper.,3 of 7,0.42857142857142855,False,
19,Now I can pick up the knife to chop the pepper.,take knife,,You pick up the knife from the ground.,Kitchen,"You arrive in a kitchen. A normal kind of place. You begin looking for stuff.

You bend down to tie your shoe. When you stand up, you notice a fridge. The fridge contains a raw red potato and a white onion. Something scurries by right in the corner of your eye. Probably nothing. You see an oven. Oh, great. Here's a table. But there isn't a thing on it. You make out a counter. The counter is vast. On the counter you can make out a cookbook. You make out a stove. The stove is conventional. But there isn't a thing on it.



There is a sliced fried red onion, an orange bell pepper and a raw yellow potato on the floor.",You are carrying: a knife and a yellow bell pepper.,3 of 7,0.42857142857142855,False,
20,I should chop the yellow bell pepper with the knife.,chop yellow bell pepper with knife,,"You chop the yellow bell pepper.



Your score has just gone up by one point.",Kitchen,"You arrive in a kitchen. A normal kind of place. You begin looking for stuff.

You bend down to tie your shoe. When you stand up, you notice a fridge. The fridge contains a raw red potato and a white onion. Something scurries by right in the corner of your eye. Probably nothing. You see an oven. Oh, great. Here's a table. But there isn't a thing on it. You make out a counter. The counter is vast. On the counter you can make out a cookbook. You make out a stove. The stove is conventional. But there isn't a thing on it.



There is a sliced fried red onion, an orange bell pepper and a raw yellow potato on the floor.",You are carrying: a knife and a chopped yellow bell pepper.,4 of 7,0.5714285714285714,False,
21,I should now consult the cookbook on the counter for the recipe to finish the meal.,examine cookbook,,"You open the copy of ""Cooking: A Modern Approach (3rd Ed.)"" and start reading:

Recipe #1
---------
Gather all following ingredients and follow the directions to prepare this tasty meal.

Ingredients:
red onion
  yellow bell pepper

Directions:
slice the red onion
  fry the red onion
  chop the yellow bell pepper
  roast the yellow bell pepper
  prepare meal",Kitchen,"You arrive in a kitchen. A normal kind of place. You begin looking for stuff.

You bend down to tie your shoe. When you stand up, you notice a fridge. The fridge contains a raw red potato and a white onion. Something scurries by right in the corner of your eye. Probably nothing. You see an oven. Oh, great. Here's a table. But there isn't a thing on it. You make out a counter. The counter is vast. On the counter you can make out a cookbook. You make out a stove. The stove is conventional. But there isn't a thing on it.



There is a sliced fried red onion, an orange bell pepper and a raw yellow potato on the floor.",You are carrying: a knife and a chopped yellow bell pepper.,4 of 7,0.5714285714285714,False,
22,The remaining step is to roast the chopped yellow bell pepper using the oven.,cook chopped yellow bell pepper with oven,,"You roasted the yellow bell pepper.



Your score has just gone up by one point.",Kitchen,"You arrive in a kitchen. A normal kind of place. You begin looking for stuff.

You bend down to tie your shoe. When you stand up, you notice a fridge. The fridge contains a raw red potato and a white onion. Something scurries by right in the corner of your eye. Probably nothing. You see an oven. Oh, great. Here's a table. But there isn't a thing on it. You make out a counter. The counter is vast. On the counter you can make out a cookbook. You make out a stove. The stove is conventional. But there isn't a thing on it.



There is a sliced fried red onion, an orange bell pepper and a raw yellow potato on the floor.",You are carrying: a knife and a chopped roasted yellow bell pepper.,5 of 7,0.7142857142857143,False,
23,"With both ingredients prepared, I should prepare the meal now.",prepare meal,,You still miss something.,Kitchen,"You arrive in a kitchen. A normal kind of place. You begin looking for stuff.

You bend down to tie your shoe. When you stand up, you notice a fridge. The fridge contains a raw red potato and a white onion. Something scurries by right in the corner of your eye. Probably nothing. You see an oven. Oh, great. Here's a table. But there isn't a thing on it. You make out a counter. The counter is vast. On the counter you can make out a cookbook. You make out a stove. The stove is conventional. But there isn't a thing on it.



There is a sliced fried red onion, an orange bell pepper and a raw yellow potato on the floor.",You are carrying: a knife and a chopped roasted yellow bell pepper.,5 of 7,0.7142857142857143,False,
24,"I must be missing the prepared red onion, so I should pick up the sliced fried red onion from the floor.",take sliced fried red onion,,You're carrying too many things already.,Kitchen,"You arrive in a kitchen. A normal kind of place. You begin looking for stuff.

You bend down to tie your shoe. When you stand up, you notice a fridge. The fridge contains a raw red potato and a white onion. Something scurries by right in the corner of your eye. Probably nothing. You see an oven. Oh, great. Here's a table. But there isn't a thing on it. You make out a counter. The counter is vast. On the counter you can make out a cookbook. You make out a stove. The stove is conventional. But there isn't a thing on it.



There is a sliced fried red onion, an orange bell pepper and a raw yellow potato on the floor.",You are carrying: a knife and a chopped roasted yellow bell pepper.,5 of 7,0.7142857142857143,False,
25,"To free a hand to carry the onion, I should drop the knife since it's no longer needed.",drop knife,,You drop the knife on the ground.,Kitchen,"You arrive in a kitchen. A normal kind of place. You begin looking for stuff.

You bend down to tie your shoe. When you stand up, you notice a fridge. The fridge contains a raw red potato and a white onion. Something scurries by right in the corner of your eye. Probably nothing. You see an oven. Oh, great. Here's a table. But there isn't a thing on it. You make out a counter. The counter is vast. On the counter you can make out a cookbook. You make out a stove. The stove is conventional. But there isn't a thing on it.



There is a knife, a sliced fried red onion, an orange bell pepper and a raw yellow potato on the floor.",You are carrying: a chopped roasted yellow bell pepper.,5 of 7,0.7142857142857143,False,
26,Now I can take the sliced fried red onion needed for the recipe.,take sliced fried red onion,,You pick up the red onion from the ground.,Kitchen,"You arrive in a kitchen. A normal kind of place. You begin looking for stuff.

You bend down to tie your shoe. When you stand up, you notice a fridge. The fridge contains a raw red potato and a white onion. Something scurries by right in the corner of your eye. Probably nothing. You see an oven. Oh, great. Here's a table. But there isn't a thing on it. You make out a counter. The counter is vast. On the counter you can make out a cookbook. You make out a stove. The stove is conventional. But there isn't a thing on it.



There is a knife, an orange bell pepper and a raw yellow potato on the floor.",You are carrying: a sliced fried red onion and a chopped roasted yellow bell pepper.,5 of 7,0.7142857142857143,False,
27,"With both prepared ingredients in inventory, I should prepare the meal again.",prepare meal,,"Adding the meal to your inventory.



Your score has just gone up by one point.",Kitchen,"You arrive in a kitchen. A normal kind of place. You begin looking for stuff.

You bend down to tie your shoe. When you stand up, you notice a fridge. The fridge contains a raw red potato and a white onion. Something scurries by right in the corner of your eye. Probably nothing. You see an oven. Oh, great. Here's a table. But there isn't a thing on it. You make out a counter. The counter is vast. On the counter you can make out a cookbook. You make out a stove. The stove is conventional. But there isn't a thing on it.



There is a knife, an orange bell pepper and a raw yellow potato on the floor.",You are carrying: a meal.,6 of 7,0.8571428571428571,False,
28,"The task says to enjoy the meal, so I should eat it.",eat meal,,"You eat the meal. Not bad.


Your score has just gone up by one point.


                               *** The End ***

You scored 7 out of a possible 7, in 29 turns.


Would you like to RESTART, RESTORE a saved game, QUIT or UNDO the last command?
>",Kitchen,"You arrive in a kitchen. A normal kind of place. You begin looking for stuff.

You bend down to tie your shoe. When you stand up, you notice a fridge. The fridge contains a raw red potato and a white onion. Something scurries by right in the corner of your eye. Probably nothing. You see an oven. Oh, great. Here's a table. But there isn't a thing on it. You make out a counter. The counter is vast. On the counter you can make out a cookbook. You make out a stove. The stove is conventional. But there isn't a thing on it.



There is a knife, an orange bell pepper and a raw yellow potato on the floor.",You are carrying nothing.,7 of 7,1.0,True,
