step_id,plan,summary,thought,action,task,feedback,location,description,inventory,score,reward,is_done,error
0,,,,,"Welcome to another life changing round of TextWorld! Here is how to play! Your first objective is to make an attempt to go to the east. Okay, and then, venture south. Following that, move west. Next, go west. With that accomplished, travel south. And then, attempt to take a trip west. With that accomplished, attempt to move north. And then, make an attempt to head west. Following that, travel south. With that done, move south. With that over with, move south. And then, make an attempt to take a trip west. That done, head north. And then, attempt to take a trip east. Then, make an effort to travel north. Then, go west. After that, attempt to go to the west. If you can get around to doing that, make an attempt to move north. Then, travel north. Once you succeed at that, head east. Following that, venture east. Once you finish that, make an effort to go east. Then, venture south. And then, move south. Once you get around to doing that, travel west. After that, travel south. Then, attempt to take a trip south. After that, attempt to go to the south. Then, go to the west. And then, attempt to venture west. Once you finish that, head north. Next, venture west. With that done, travel south. Okay, and then, attempt to take a trip west. Then, venture north. After that, make an attempt to move east. And then, try to go east. Then, travel east. Then, go east. Then, travel south. Then, move south. After that, attempt to go to the west. That done, take a trip north. Next, head east. And then, make an attempt to take a trip south. Then, make an effort to take a trip west. Once you do that, make an attempt to take a trip north. And then, attempt to venture north. Okay, and then, venture east. With that accomplished, make an attempt to travel south. Then, go to the east. Then, make an effort to head north. And then, head north. Next, attempt to go west. With that accomplished, make an effort to travel north. Once you accomplish that, try to head north. If you can do that, make an attempt to move east. Then, attempt to venture north. And then, take a trip west. After that, move west. Then, travel south. And then, go south. With that over with, make an effort to travel south. Following that, make an effort to take a trip south. That done, make an attempt to move west. After that, make an effort to travel north. With that over with, take a trip east. After that, try to move north. And then, go to the east. After that, venture south. After that, try to move south. Then, attempt to venture west. Once you accomplish that, try to take a trip north. Then, make an attempt to go to the north. After that, try to go to the north. After that, make an effort to go to the east. Following that, make an effort to venture north. Once you manage that, make an attempt to go north. If you can finish that, venture west. After that, make an attempt to move south. Then, head south. And then, go to the west. And then, attempt to move west. If you can finish that, make an effort to take a trip north. Following that, attempt to venture east. And then, take a trip east. Next, make an effort to travel east. And then, go north. And then, try to go east. And then, take a trip north. Following that, make an attempt to move north. And then, make an effort to go east. Following that, go to the north. Then, make an effort to go to the west. With that accomplished, lift the coin from the floor of the steamy kitchen. That's it!",,Dish-Pit,"You've just shown up in a dish-pit.



You don't like doors? Why not try going east, that entranceway is unblocked. There is an unguarded exit to the south. You need an unblocked exit? You should try going west.",You are carrying nothing.,0 of 1,0.0,False,
1,,I am in the dish-pit.,I should follow the instructions and go east first.,go east,,"Look at that placard! What does it say? It says Welcome to the sauna? Well that's cool.



There is an unguarded exit to the east. There is an exit to the north. Don't worry, it is unblocked. You need an unblocked exit? You should try going south. You don't like doors? Why not try going west, that entranceway is unguarded.",Sauna,"Look at that placard! What does it say? It says Welcome to the sauna? Well that's cool.



There is an unguarded exit to the east. There is an exit to the north. Don't worry, it is unblocked. You need an unblocked exit? You should try going south. You don't like doors? Why not try going west, that entranceway is unguarded.",You are carrying nothing.,0 of 1,0.0,False,
2,,I went east to the sauna.,"Next, I should go south as instructed.",go south,,"You are in a scullery. A balmy one. Okay, just remember what you're here to do, and everything will go great.



You don't like doors? Why not try going east, that entranceway is unguarded. You don't like doors? Why not try going north, that entranceway is unguarded. You need an unguarded exit? You should try going south. There is an unguarded exit to the west.",Balmy Scullery,"You are in a scullery. A balmy one. Okay, just remember what you're here to do, and everything will go great.



You don't like doors? Why not try going east, that entranceway is unguarded. You don't like doors? Why not try going north, that entranceway is unguarded. You need an unguarded exit? You should try going south. There is an unguarded exit to the west.",You are carrying nothing.,0 of 1,0.0,False,
3,,I went south to the balmy scullery.,"Next, I should go west as instructed.",go west,,"You are in a cookery. A balmy one.



You need an unblocked exit? You should try going east. You don't like doors? Why not try going north, that entranceway is unguarded. There is an unguarded exit to the south. There is an unguarded exit to the west.",Balmy Cookery,"You are in a cookery. A balmy one.



You need an unblocked exit? You should try going east. You don't like doors? Why not try going north, that entranceway is unguarded. There is an unguarded exit to the south. There is an unguarded exit to the west.",You are carrying nothing.,0 of 1,0.0,False,
4,,I went west to the balmy cookery.,"Next, I should go west again as instructed.",go west,,"Well I'll be, you are in a place we're calling an exciting recreation zone.



There is an unguarded exit to the east. There is an exit to the north. Don't worry, it is unguarded. There is an unblocked exit to the south. There is an unguarded exit to the west.",Exciting Recreation Zone,"Well I'll be, you are in a place we're calling an exciting recreation zone.



There is an unguarded exit to the east. There is an exit to the north. Don't worry, it is unguarded. There is an unblocked exit to the south. There is an unguarded exit to the west.",You are carrying nothing.,0 of 1,0.0,False,
5,,I went west to the exciting recreation zone.,"Next, I should go south as instructed.",go south,,"You find yourself in a lounge.



There is an unblocked exit to the east. You need an unblocked exit? You should try going north. There is an exit to the south. Don't worry, it is unblocked. There is an unblocked exit to the west.",Lounge,"You find yourself in a lounge.



There is an unblocked exit to the east. You need an unblocked exit? You should try going north. There is an exit to the south. Don't worry, it is unblocked. There is an unblocked exit to the west.",You are carrying nothing.,0 of 1,0.0,False,
6,,I went south to the lounge.,"Next, I should try to go west as instructed.",go west,,"You arrive in a cubicle 6. An austere kind of place.



You don't like doors? Why not try going east, that entranceway is unguarded. You don't like doors? Why not try going north, that entranceway is unguarded. You don't like doors? Why not try going south, that entranceway is unblocked. There is an unguarded exit to the west.",Austere Cubicle 6,"You arrive in a cubicle 6. An austere kind of place.



You don't like doors? Why not try going east, that entranceway is unguarded. You don't like doors? Why not try going north, that entranceway is unguarded. You don't like doors? Why not try going south, that entranceway is unblocked. There is an unguarded exit to the west.",You are carrying nothing.,0 of 1,0.0,False,
7,,I went west to austere cubicle 6.,"Next, I should go north as instructed.",go north,,"You've just sauntered into a cramped garage. Okay, just remember what you're here to do, and everything will go great.



You need an unguarded exit? You should try going east. There is an unguarded exit to the north. You don't like doors? Why not try going south, that entranceway is unblocked. There is an exit to the west. Don't worry, it is unblocked.",Cramped Garage,"You've just sauntered into a cramped garage. Okay, just remember what you're here to do, and everything will go great.



You need an unguarded exit? You should try going east. There is an unguarded exit to the north. You don't like doors? Why not try going south, that entranceway is unblocked. There is an exit to the west. Don't worry, it is unblocked.",You are carrying nothing.,0 of 1,0.0,False,
8,,I went north to the cramped garage.,"Next, I should go west as instructed.",go west,,"A rusty board tells you that you are now in the crowded laundry place.



There is an unblocked exit to the east. There is an unguarded exit to the north. You need an unguarded exit? You should try going south. There is an unguarded exit to the west.",Crowded Laundry Place,"A rusty board tells you that you are now in the crowded laundry place.



There is an unblocked exit to the east. There is an unguarded exit to the north. You need an unguarded exit? You should try going south. There is an unguarded exit to the west.",You are carrying nothing.,0 of 1,0.0,False,
9,,I went west to the crowded laundry place.,"Next, I should go south as instructed.",go south,,"Well, here we are in a restroom. I guess you better just go and list everything you see here.



There is an exit to the east. Don't worry, it is unblocked. You don't like doors? Why not try going north, that entranceway is unblocked. There is an exit to the south. Don't worry, it is unguarded. There is an exit to the west. Don't worry, it is unblocked.",Restroom,"Well, here we are in a restroom. I guess you better just go and list everything you see here.



There is an exit to the east. Don't worry, it is unblocked. You don't like doors? Why not try going north, that entranceway is unblocked. There is an exit to the south. Don't worry, it is unguarded. There is an exit to the west. Don't worry, it is unblocked.",You are carrying nothing.,0 of 1,0.0,False,
10,,I went south to the restroom.,"Next, I should go south again as instructed.",go south,,"You've come into an ordinary room. Your mind races to think of what kind of room would be ordinary. And then it hits you. Of course. You're in the cookery.



There is an exit to the east. Don't worry, it is unblocked. There is an unguarded exit to the north. You don't like doors? Why not try going south, that entranceway is unguarded. You need an unblocked exit? You should try going west.",Cookery,"You've come into an ordinary room. Your mind races to think of what kind of room would be ordinary. And then it hits you. Of course. You're in the cookery.



There is an exit to the east. Don't worry, it is unblocked. There is an unguarded exit to the north. You don't like doors? Why not try going south, that entranceway is unguarded. You need an unblocked exit? You should try going west.",You are carrying nothing.,0 of 1,0.0,False,
11,,I went south to the cookery.,"Next, I should go south again as instructed.",go south,,"You find yourself in a vault. An usual kind of place.



You need an unblocked exit? You should try going east. There is an exit to the north. Don't worry, it is unguarded. There is an unblocked exit to the south. You don't like doors? Why not try going west, that entranceway is unblocked.",Vault,"You find yourself in a vault. An usual kind of place.



You need an unblocked exit? You should try going east. There is an exit to the north. Don't worry, it is unguarded. There is an unblocked exit to the south. You don't like doors? Why not try going west, that entranceway is unblocked.",You are carrying nothing.,0 of 1,0.0,False,
12,,I went south to the vault.,"Next, I should try to go west as instructed.",go west,,"You're now in a cookhouse.



You need an unguarded exit? You should try going east. There is an exit to the north. Don't worry, it is unguarded. You need an unguarded exit? You should try going south. You don't like doors? Why not try going west, that entranceway is unguarded.",Cookhouse,"You're now in a cookhouse.



You need an unguarded exit? You should try going east. There is an exit to the north. Don't worry, it is unguarded. You need an unguarded exit? You should try going south. You don't like doors? Why not try going west, that entranceway is unguarded.",You are carrying nothing.,0 of 1,0.0,False,
13,,I went west to the cookhouse.,"Next, I should go north as instructed.",go north,,"You've entered a basement.



There is an unblocked exit to the east. You don't like doors? Why not try going north, that entranceway is unguarded. There is an exit to the south. Don't worry, it is unguarded. You don't like doors? Why not try going west, that entranceway is unblocked.",Basement,"You've entered a basement.



There is an unblocked exit to the east. You don't like doors? Why not try going north, that entranceway is unguarded. There is an exit to the south. Don't worry, it is unguarded. You don't like doors? Why not try going west, that entranceway is unblocked.",You are carrying nothing.,0 of 1,0.0,False,
14,,I went north to the basement.,"Next, I should try to go east as instructed.",go east,,"You find yourself in a scullery. A normal kind of place.



There is an unblocked exit to the east. You don't like doors? Why not try going north, that entranceway is unblocked. There is an exit to the south. Don't worry, it is unguarded. You need an unblocked exit? You should try going west.",Scullery,"You find yourself in a scullery. A normal kind of place.



There is an unblocked exit to the east. You don't like doors? Why not try going north, that entranceway is unblocked. There is an exit to the south. Don't worry, it is unguarded. You need an unblocked exit? You should try going west.",You are carrying nothing.,0 of 1,0.0,False,
15,,I went east to the scullery.,"Next, I should go north as instructed.",go north,,"Well how about that, you are in a place we're calling a washroom.



There is an unblocked exit to the east. There is an exit to the north. Don't worry, it is unguarded. You need an unblocked exit? You should try going south. You don't like doors? Why not try going west, that entranceway is unblocked.",Washroom,"Well how about that, you are in a place we're calling a washroom.



There is an unblocked exit to the east. There is an exit to the north. Don't worry, it is unguarded. You need an unblocked exit? You should try going south. You don't like doors? Why not try going west, that entranceway is unblocked.",You are carrying nothing.,0 of 1,0.0,False,
16,,I went north to the washroom.,"Next, I should go west as instructed.",go west,,"You find yourself in a playroom. A standard kind of place. You start to take note of what's in the room.



There is an exit to the east. Don't worry, it is unguarded. There is an exit to the north. Don't worry, it is unguarded. There is an unblocked exit to the south. There is an exit to the west. Don't worry, it is unguarded.",Playroom,"You find yourself in a playroom. A standard kind of place. You start to take note of what's in the room.



There is an exit to the east. Don't worry, it is unguarded. There is an exit to the north. Don't worry, it is unguarded. There is an unblocked exit to the south. There is an exit to the west. Don't worry, it is unguarded.",You are carrying nothing.,0 of 1,0.0,False,
17,,I went west to the playroom.,"Next, I should go south as instructed.",go south,,"You arrive in a parlor. A well lit one.



You don't like doors? Why not try going north, that entranceway is unguarded.",Well Lit Parlor,"You arrive in a parlor. A well lit one.



You don't like doors? Why not try going north, that entranceway is unguarded.",You are carrying nothing.,0 of 1,0.0,False,
18,,I went south to the well lit parlor.,"Next, I should go north as instructed.",go north,,"You find yourself in a playroom. A standard kind of place. You start to take note of what's in the room.



There is an exit to the east. Don't worry, it is unguarded. There is an exit to the north. Don't worry, it is unguarded. There is an unblocked exit to the south. There is an exit to the west. Don't worry, it is unguarded.",Playroom,"You find yourself in a playroom. A standard kind of place. You start to take note of what's in the room.



There is an exit to the east. Don't worry, it is unguarded. There is an exit to the north. Don't worry, it is unguarded. There is an unblocked exit to the south. There is an exit to the west. Don't worry, it is unguarded.",You are carrying nothing.,0 of 1,0.0,False,
19,,I went north to the playroom.,"Next, I should go east as instructed.",go east,,"Well how about that, you are in a place we're calling a washroom.



There is an unblocked exit to the east. There is an exit to the north. Don't worry, it is unguarded. You need an unblocked exit? You should try going south. You don't like doors? Why not try going west, that entranceway is unblocked.",Washroom,"Well how about that, you are in a place we're calling a washroom.



There is an unblocked exit to the east. There is an exit to the north. Don't worry, it is unguarded. You need an unblocked exit? You should try going south. You don't like doors? Why not try going west, that entranceway is unblocked.",You are carrying nothing.,0 of 1,0.0,False,
20,,I went east to the washroom.,"Next, I should go south as instructed.",go south,,"You find yourself in a scullery. A normal kind of place.



There is an unblocked exit to the east. You don't like doors? Why not try going north, that entranceway is unblocked. There is an exit to the south. Don't worry, it is unguarded. You need an unblocked exit? You should try going west.",Scullery,"You find yourself in a scullery. A normal kind of place.



There is an unblocked exit to the east. You don't like doors? Why not try going north, that entranceway is unblocked. There is an exit to the south. Don't worry, it is unguarded. You need an unblocked exit? You should try going west.",You are carrying nothing.,0 of 1,0.0,False,
21,,I went south to the scullery.,"Next, I should go west as instructed.",go west,,"You've entered a basement.



There is an unblocked exit to the east. You don't like doors? Why not try going north, that entranceway is unguarded. There is an exit to the south. Don't worry, it is unguarded. You don't like doors? Why not try going west, that entranceway is unblocked.",Basement,"You've entered a basement.



There is an unblocked exit to the east. You don't like doors? Why not try going north, that entranceway is unguarded. There is an exit to the south. Don't worry, it is unguarded. You don't like doors? Why not try going west, that entranceway is unblocked.",You are carrying nothing.,0 of 1,0.0,False,
22,,I went west to the basement.,"Next, I should go north as instructed.",go north,,"If you're wondering why everything seems so spotless all of a sudden, it's because you've just shown up in the spotless shower 39. You begin to take stock of what's here.



There is an unblocked exit to the south.",Spotless Shower 39,"If you're wondering why everything seems so spotless all of a sudden, it's because you've just shown up in the spotless shower 39. You begin to take stock of what's here.



There is an unblocked exit to the south.",You are carrying nothing.,0 of 1,0.0,False,
23,,I went north to the spotless shower 39.,"Next, I should go south as instructed.",go south,,"You've entered a basement.



There is an unblocked exit to the east. You don't like doors? Why not try going north, that entranceway is unguarded. There is an exit to the south. Don't worry, it is unguarded. You don't like doors? Why not try going west, that entranceway is unblocked.",Basement,"You've entered a basement.



There is an unblocked exit to the east. You don't like doors? Why not try going north, that entranceway is unguarded. There is an exit to the south. Don't worry, it is unguarded. You don't like doors? Why not try going west, that entranceway is unblocked.",You are carrying nothing.,0 of 1,0.0,False,
24,,I went south to the basement.,"Next, I should go west as instructed.",go west,,"You find yourself in a bedchamber. A normal kind of place.



You don't like doors? Why not try going east, that entranceway is unguarded.",Bedchamber,"You find yourself in a bedchamber. A normal kind of place.



You don't like doors? Why not try going east, that entranceway is unguarded.",You are carrying nothing.,0 of 1,0.0,False,
25,,I went west to the bedchamber.,"Next, I should go east as instructed.",go east,,"You've entered a basement.



There is an unblocked exit to the east. You don't like doors? Why not try going north, that entranceway is unguarded. There is an exit to the south. Don't worry, it is unguarded. You don't like doors? Why not try going west, that entranceway is unblocked.",Basement,"You've entered a basement.



There is an unblocked exit to the east. You don't like doors? Why not try going north, that entranceway is unguarded. There is an exit to the south. Don't worry, it is unguarded. You don't like doors? Why not try going west, that entranceway is unblocked.",You are carrying nothing.,0 of 1,0.0,False,
26,,I went east to the basement.,"Next, I should go north as instructed.",go north,,"If you're wondering why everything seems so spotless all of a sudden, it's because you've just shown up in the spotless shower 39. You begin to take stock of what's here.



There is an unblocked exit to the south.",Spotless Shower 39,"If you're wondering why everything seems so spotless all of a sudden, it's because you've just shown up in the spotless shower 39. You begin to take stock of what's here.



There is an unblocked exit to the south.",You are carrying nothing.,0 of 1,0.0,False,
27,,I went north to the spotless shower 39.,"Next, I should go north as instructed.",go north,,You can't go that way.,Spotless Shower 39,"If you're wondering why everything seems so spotless all of a sudden, it's because you've just shown up in the spotless shower 39. You begin to take stock of what's here.



There is an unblocked exit to the south.",You are carrying nothing.,0 of 1,0.0,False,
28,,I tried to go north from spotless shower 39 but couldn't.,"Since I cannot go north, I should try going east as the next step.",go east,,You can't go that way.,Spotless Shower 39,"If you're wondering why everything seems so spotless all of a sudden, it's because you've just shown up in the spotless shower 39. You begin to take stock of what's here.



There is an unblocked exit to the south.",You are carrying nothing.,0 of 1,0.0,False,
29,,I tried to go east from spotless shower 39 but couldn't.,"Since I cannot go east, I should go south as the next step.",go south,,"You've entered a basement.



There is an unblocked exit to the east. You don't like doors? Why not try going north, that entranceway is unguarded. There is an exit to the south. Don't worry, it is unguarded. You don't like doors? Why not try going west, that entranceway is unblocked.",Basement,"You've entered a basement.



There is an unblocked exit to the east. You don't like doors? Why not try going north, that entranceway is unguarded. There is an exit to the south. Don't worry, it is unguarded. You don't like doors? Why not try going west, that entranceway is unblocked.",You are carrying nothing.,0 of 1,0.0,False,
30,,I went south to the basement.,"Next, I should go west as instructed.",go west,,"You find yourself in a bedchamber. A normal kind of place.



You don't like doors? Why not try going east, that entranceway is unguarded.",Bedchamber,"You find yourself in a bedchamber. A normal kind of place.



You don't like doors? Why not try going east, that entranceway is unguarded.",You are carrying nothing.,0 of 1,0.0,False,
31,,I went west to the bedchamber.,"Next, I should go east as instructed.",go east,,"You've entered a basement.



There is an unblocked exit to the east. You don't like doors? Why not try going north, that entranceway is unguarded. There is an exit to the south. Don't worry, it is unguarded. You don't like doors? Why not try going west, that entranceway is unblocked.",Basement,"You've entered a basement.



There is an unblocked exit to the east. You don't like doors? Why not try going north, that entranceway is unguarded. There is an exit to the south. Don't worry, it is unguarded. You don't like doors? Why not try going west, that entranceway is unblocked.",You are carrying nothing.,0 of 1,0.0,False,
32,,I went east to the basement.,"Next, I should go north as instructed.",go north,,"If you're wondering why everything seems so spotless all of a sudden, it's because you've just shown up in the spotless shower 39. You begin to take stock of what's here.



There is an unblocked exit to the south.",Spotless Shower 39,"If you're wondering why everything seems so spotless all of a sudden, it's because you've just shown up in the spotless shower 39. You begin to take stock of what's here.



There is an unblocked exit to the south.",You are carrying nothing.,0 of 1,0.0,False,
33,,I went north to the spotless shower 39.,"Next, I should go east as instructed.",go east,,You can't go that way.,Spotless Shower 39,"If you're wondering why everything seems so spotless all of a sudden, it's because you've just shown up in the spotless shower 39. You begin to take stock of what's here.



There is an unblocked exit to the south.",You are carrying nothing.,0 of 1,0.0,False,
34,,I tried to go east from spotless shower 39 but couldn't.,"Since I cannot go east, I should go south as the next step.",go south,,"You've entered a basement.



There is an unblocked exit to the east. You don't like doors? Why not try going north, that entranceway is unguarded. There is an exit to the south. Don't worry, it is unguarded. You don't like doors? Why not try going west, that entranceway is unblocked.",Basement,"You've entered a basement.



There is an unblocked exit to the east. You don't like doors? Why not try going north, that entranceway is unguarded. There is an exit to the south. Don't worry, it is unguarded. You don't like doors? Why not try going west, that entranceway is unblocked.",You are carrying nothing.,0 of 1,0.0,False,
35,,I went south to the basement.,"Next, I should go west as instructed.",go west,,"You find yourself in a bedchamber. A normal kind of place.



You don't like doors? Why not try going east, that entranceway is unguarded.",Bedchamber,"You find yourself in a bedchamber. A normal kind of place.



You don't like doors? Why not try going east, that entranceway is unguarded.",You are carrying nothing.,0 of 1,0.0,False,
36,,I went west to the bedchamber.,"Next, I should take the coin from the floor of the steamy kitchen as instructed.",take coin from floor,,You can't see any such thing.,Bedchamber,"You find yourself in a bedchamber. A normal kind of place.



You don't like doors? Why not try going east, that entranceway is unguarded.",You are carrying nothing.,0 of 1,0.0,False,
37,,I tried to take the coin from the floor in the bedchamber but couldn't find it.,I should go east to the basement and then try to find the steamy kitchen to take the coin.,go east,,"You've entered a basement.



There is an unblocked exit to the east. You don't like doors? Why not try going north, that entranceway is unguarded. There is an exit to the south. Don't worry, it is unguarded. You don't like doors? Why not try going west, that entranceway is unblocked.",Basement,"You've entered a basement.



There is an unblocked exit to the east. You don't like doors? Why not try going north, that entranceway is unguarded. There is an exit to the south. Don't worry, it is unguarded. You don't like doors? Why not try going west, that entranceway is unblocked.",You are carrying nothing.,0 of 1,0.0,False,
38,,I went east to the basement.,I should go east next to explore further towards the steamy kitchen.,go east,,"You find yourself in a scullery. A normal kind of place.



There is an unblocked exit to the east. You don't like doors? Why not try going north, that entranceway is unblocked. There is an exit to the south. Don't worry, it is unguarded. You need an unblocked exit? You should try going west.",Scullery,"You find yourself in a scullery. A normal kind of place.



There is an unblocked exit to the east. You don't like doors? Why not try going north, that entranceway is unblocked. There is an exit to the south. Don't worry, it is unguarded. You need an unblocked exit? You should try going west.",You are carrying nothing.,0 of 1,0.0,False,
39,,I went east to the scullery.,I should go east again to continue towards the steamy kitchen.,go east,,"You find yourself in a cubicle. A typical kind of place. You can barely contain your excitement.



You need an unblocked exit? You should try going west.",Cubicle,"You find yourself in a cubicle. A typical kind of place. You can barely contain your excitement.



You need an unblocked exit? You should try going west.",You are carrying nothing.,0 of 1,0.0,False,
40,,I went east to the cubicle.,I should go west to return to the scullery and try another direction to find the steamy kitchen.,go west,,"You find yourself in a scullery. A normal kind of place.



There is an unblocked exit to the east. You don't like doors? Why not try going north, that entranceway is unblocked. There is an exit to the south. Don't worry, it is unguarded. You need an unblocked exit? You should try going west.",Scullery,"You find yourself in a scullery. A normal kind of place.



There is an unblocked exit to the east. You don't like doors? Why not try going north, that entranceway is unblocked. There is an exit to the south. Don't worry, it is unguarded. You need an unblocked exit? You should try going west.",You are carrying nothing.,0 of 1,0.0,False,
41,,I went west back to the scullery.,I should try going north from the scullery to explore a new path.,go north,,"Well how about that, you are in a place we're calling a washroom.



There is an unblocked exit to the east. There is an exit to the north. Don't worry, it is unguarded. You need an unblocked exit? You should try going south. You don't like doors? Why not try going west, that entranceway is unblocked.",Washroom,"Well how about that, you are in a place we're calling a washroom.



There is an unblocked exit to the east. There is an exit to the north. Don't worry, it is unguarded. You need an unblocked exit? You should try going south. You don't like doors? Why not try going west, that entranceway is unblocked.",You are carrying nothing.,0 of 1,0.0,False,
42,,I went north to the washroom.,I should go west from the washroom to explore further.,go west,,"You find yourself in a playroom. A standard kind of place. You start to take note of what's in the room.



There is an exit to the east. Don't worry, it is unguarded. There is an exit to the north. Don't worry, it is unguarded. There is an unblocked exit to the south. There is an exit to the west. Don't worry, it is unguarded.",Playroom,"You find yourself in a playroom. A standard kind of place. You start to take note of what's in the room.



There is an exit to the east. Don't worry, it is unguarded. There is an exit to the north. Don't worry, it is unguarded. There is an unblocked exit to the south. There is an exit to the west. Don't worry, it is unguarded.",You are carrying nothing.,0 of 1,0.0,False,
43,,I went west to the playroom.,I should go south from the playroom to continue exploring.,go south,,"You arrive in a parlor. A well lit one.



You don't like doors? Why not try going north, that entranceway is unguarded.",Well Lit Parlor,"You arrive in a parlor. A well lit one.



You don't like doors? Why not try going north, that entranceway is unguarded.",You are carrying nothing.,0 of 1,0.0,False,
44,,I went south to the well lit parlor.,I should go north back to the playroom to try another direction.,go north,,"You find yourself in a playroom. A standard kind of place. You start to take note of what's in the room.



There is an exit to the east. Don't worry, it is unguarded. There is an exit to the north. Don't worry, it is unguarded. There is an unblocked exit to the south. There is an exit to the west. Don't worry, it is unguarded.",Playroom,"You find yourself in a playroom. A standard kind of place. You start to take note of what's in the room.



There is an exit to the east. Don't worry, it is unguarded. There is an exit to the north. Don't worry, it is unguarded. There is an unblocked exit to the south. There is an exit to the west. Don't worry, it is unguarded.",You are carrying nothing.,0 of 1,0.0,False,
45,,I went north back to the playroom.,I should go east from the playroom to explore a new area.,go east,,"Well how about that, you are in a place we're calling a washroom.



There is an unblocked exit to the east. There is an exit to the north. Don't worry, it is unguarded. You need an unblocked exit? You should try going south. You don't like doors? Why not try going west, that entranceway is unblocked.",Washroom,"Well how about that, you are in a place we're calling a washroom.



There is an unblocked exit to the east. There is an exit to the north. Don't worry, it is unguarded. You need an unblocked exit? You should try going south. You don't like doors? Why not try going west, that entranceway is unblocked.",You are carrying nothing.,0 of 1,0.0,False,
46,,I went east to the washroom.,I should go east again to continue exploring.,go east,,"You've just shown up in an ugly cellar. You begin to take stock of what's in the room.



There is an exit to the west. Don't worry, it is unguarded.",Ugly Cellar,"You've just shown up in an ugly cellar. You begin to take stock of what's in the room.



There is an exit to the west. Don't worry, it is unguarded.",You are carrying nothing.,0 of 1,0.0,False,
47,,I went east to the ugly cellar.,I should go west back to the washroom to try another direction.,go west,,"Well how about that, you are in a place we're calling a washroom.



There is an unblocked exit to the east. There is an exit to the north. Don't worry, it is unguarded. You need an unblocked exit? You should try going south. You don't like doors? Why not try going west, that entranceway is unblocked.",Washroom,"Well how about that, you are in a place we're calling a washroom.



There is an unblocked exit to the east. There is an exit to the north. Don't worry, it is unguarded. You need an unblocked exit? You should try going south. You don't like doors? Why not try going west, that entranceway is unblocked.",You are carrying nothing.,0 of 1,0.0,False,
48,,I went west back to the washroom.,I should go north from the washroom to explore a new area.,go north,,"You are in an ugly basement.



There is an exit to the south. Don't worry, it is unblocked.",Ugly Basement,"You are in an ugly basement.



There is an exit to the south. Don't worry, it is unblocked.",You are carrying nothing.,0 of 1,0.0,False,
49,,I went north to the ugly basement.,I should go south back to the washroom to try another direction.,go south,,"Well how about that, you are in a place we're calling a washroom.



There is an unblocked exit to the east. There is an exit to the north. Don't worry, it is unguarded. You need an unblocked exit? You should try going south. You don't like doors? Why not try going west, that entranceway is unblocked.",Washroom,"Well how about that, you are in a place we're calling a washroom.



There is an unblocked exit to the east. There is an exit to the north. Don't worry, it is unguarded. You need an unblocked exit? You should try going south. You don't like doors? Why not try going west, that entranceway is unblocked.",You are carrying nothing.,0 of 1,0.0,False,
50,,I went south back to the washroom.,I should go south from the washroom to explore a new area.,go south,,"You find yourself in a scullery. A normal kind of place.



There is an unblocked exit to the east. You don't like doors? Why not try going north, that entranceway is unblocked. There is an exit to the south. Don't worry, it is unguarded. You need an unblocked exit? You should try going west.",Scullery,"You find yourself in a scullery. A normal kind of place.



There is an unblocked exit to the east. You don't like doors? Why not try going north, that entranceway is unblocked. There is an exit to the south. Don't worry, it is unguarded. You need an unblocked exit? You should try going west.",You are carrying nothing.,0 of 1,0.0,False,
51,,I went south to the scullery.,I should go west from the scullery to explore a new area.,go west,,"You've entered a basement.



There is an unblocked exit to the east. You don't like doors? Why not try going north, that entranceway is unguarded. There is an exit to the south. Don't worry, it is unguarded. You don't like doors? Why not try going west, that entranceway is unblocked.",Basement,"You've entered a basement.



There is an unblocked exit to the east. You don't like doors? Why not try going north, that entranceway is unguarded. There is an exit to the south. Don't worry, it is unguarded. You don't like doors? Why not try going west, that entranceway is unblocked.",You are carrying nothing.,0 of 1,0.0,False,
52,,I went west to the basement.,I should go north from the basement to explore a new area.,go north,,"If you're wondering why everything seems so spotless all of a sudden, it's because you've just shown up in the spotless shower 39. You begin to take stock of what's here.



There is an unblocked exit to the south.",Spotless Shower 39,"If you're wondering why everything seems so spotless all of a sudden, it's because you've just shown up in the spotless shower 39. You begin to take stock of what's here.



There is an unblocked exit to the south.",You are carrying nothing.,0 of 1,0.0,False,
53,,I went north to the spotless shower 39.,I should go south back to the basement to try another direction.,go south,,"You've entered a basement.



There is an unblocked exit to the east. You don't like doors? Why not try going north, that entranceway is unguarded. There is an exit to the south. Don't worry, it is unguarded. You don't like doors? Why not try going west, that entranceway is unblocked.",Basement,"You've entered a basement.



There is an unblocked exit to the east. You don't like doors? Why not try going north, that entranceway is unguarded. There is an exit to the south. Don't worry, it is unguarded. You don't like doors? Why not try going west, that entranceway is unblocked.",You are carrying nothing.,0 of 1,0.0,False,
54,,I went south back to the basement.,I should go east from the basement to explore a new area.,go east,,"You find yourself in a scullery. A normal kind of place.



There is an unblocked exit to the east. You don't like doors? Why not try going north, that entranceway is unblocked. There is an exit to the south. Don't worry, it is unguarded. You need an unblocked exit? You should try going west.",Scullery,"You find yourself in a scullery. A normal kind of place.



There is an unblocked exit to the east. You don't like doors? Why not try going north, that entranceway is unblocked. There is an exit to the south. Don't worry, it is unguarded. You need an unblocked exit? You should try going west.",You are carrying nothing.,0 of 1,0.0,False,
55,,I went east to the scullery.,I should go north from the scullery to explore a new area.,go north,,"Well how about that, you are in a place we're calling a washroom.



There is an unblocked exit to the east. There is an exit to the north. Don't worry, it is unguarded. You need an unblocked exit? You should try going south. You don't like doors? Why not try going west, that entranceway is unblocked.",Washroom,"Well how about that, you are in a place we're calling a washroom.



There is an unblocked exit to the east. There is an exit to the north. Don't worry, it is unguarded. You need an unblocked exit? You should try going south. You don't like doors? Why not try going west, that entranceway is unblocked.",You are carrying nothing.,0 of 1,0.0,False,
56,,I went north to the washroom.,I should go west from the washroom to explore a new area.,go west,,"You find yourself in a playroom. A standard kind of place. You start to take note of what's in the room.



There is an exit to the east. Don't worry, it is unguarded. There is an exit to the north. Don't worry, it is unguarded. There is an unblocked exit to the south. There is an exit to the west. Don't worry, it is unguarded.",Playroom,"You find yourself in a playroom. A standard kind of place. You start to take note of what's in the room.



There is an exit to the east. Don't worry, it is unguarded. There is an exit to the north. Don't worry, it is unguarded. There is an unblocked exit to the south. There is an exit to the west. Don't worry, it is unguarded.",You are carrying nothing.,0 of 1,0.0,False,
57,,I went west to the playroom.,I should go west from the playroom to explore a new area.,go west,,"You are in a cubicle. A serious one.



There is an exit to the east. Don't worry, it is unblocked. There is an exit to the north. Don't worry, it is unblocked. You don't like doors? Why not try going south, that entranceway is unblocked. There is an exit to the west. Don't worry, it is unblocked.",Serious Cubicle,"You are in a cubicle. A serious one.



There is an exit to the east. Don't worry, it is unblocked. There is an exit to the north. Don't worry, it is unblocked. You don't like doors? Why not try going south, that entranceway is unblocked. There is an exit to the west. Don't worry, it is unblocked.",You are carrying nothing.,0 of 1,0.0,False,
58,,I went west to the serious cubicle.,I should go south from the serious cubicle to explore a new area.,go south,,"You've entered an austere office 21. The room seems oddly familiar, as though it were only superficially different from the other rooms in the building.



You don't like doors? Why not try going north, that entranceway is unblocked.",Austere Office 21,"You've entered an austere office 21. The room seems oddly familiar, as though it were only superficially different from the other rooms in the building.



You don't like doors? Why not try going north, that entranceway is unblocked.",You are carrying nothing.,0 of 1,0.0,False,
59,,I went south to the austere office 21.,I should go north from the austere office 21 to return to the previous room.,go north,,"You are in a cubicle. A serious one.



There is an exit to the east. Don't worry, it is unblocked. There is an exit to the north. Don't worry, it is unblocked. You don't like doors? Why not try going south, that entranceway is unblocked. There is an exit to the west. Don't worry, it is unblocked.",Serious Cubicle,"You are in a cubicle. A serious one.



There is an exit to the east. Don't worry, it is unblocked. There is an exit to the north. Don't worry, it is unblocked. You don't like doors? Why not try going south, that entranceway is unblocked. There is an exit to the west. Don't worry, it is unblocked.",You are carrying nothing.,0 of 1,0.0,False,
60,,I went north back to the serious cubicle.,I should go east from the serious cubicle to explore a new area.,go east,,"You find yourself in a playroom. A standard kind of place. You start to take note of what's in the room.



There is an exit to the east. Don't worry, it is unguarded. There is an exit to the north. Don't worry, it is unguarded. There is an unblocked exit to the south. There is an exit to the west. Don't worry, it is unguarded.",Playroom,"You find yourself in a playroom. A standard kind of place. You start to take note of what's in the room.



There is an exit to the east. Don't worry, it is unguarded. There is an exit to the north. Don't worry, it is unguarded. There is an unblocked exit to the south. There is an exit to the west. Don't worry, it is unguarded.",You are carrying nothing.,0 of 1,0.0,False,
61,,I went east to the playroom.,I should go east from the playroom to explore a new area.,go east,,"Well how about that, you are in a place we're calling a washroom.



There is an unblocked exit to the east. There is an exit to the north. Don't worry, it is unguarded. You need an unblocked exit? You should try going south. You don't like doors? Why not try going west, that entranceway is unblocked.",Washroom,"Well how about that, you are in a place we're calling a washroom.



There is an unblocked exit to the east. There is an exit to the north. Don't worry, it is unguarded. You need an unblocked exit? You should try going south. You don't like doors? Why not try going west, that entranceway is unblocked.",You are carrying nothing.,0 of 1,0.0,False,
62,,I went east to the washroom.,I should go east from the washroom to explore a new area.,go east,,"You've just shown up in an ugly cellar. You begin to take stock of what's in the room.



There is an exit to the west. Don't worry, it is unguarded.",Ugly Cellar,"You've just shown up in an ugly cellar. You begin to take stock of what's in the room.



There is an exit to the west. Don't worry, it is unguarded.",You are carrying nothing.,0 of 1,0.0,False,
63,,I went east to the ugly cellar.,I should go west from the ugly cellar to return to the previous room.,go west,,"Well how about that, you are in a place we're calling a washroom.



There is an unblocked exit to the east. There is an exit to the north. Don't worry, it is unguarded. You need an unblocked exit? You should try going south. You don't like doors? Why not try going west, that entranceway is unblocked.",Washroom,"Well how about that, you are in a place we're calling a washroom.



There is an unblocked exit to the east. There is an exit to the north. Don't worry, it is unguarded. You need an unblocked exit? You should try going south. You don't like doors? Why not try going west, that entranceway is unblocked.",You are carrying nothing.,0 of 1,0.0,False,
64,,I went west back to the washroom.,I should go north from the washroom to explore a new area.,go north,,"You are in an ugly basement.



There is an exit to the south. Don't worry, it is unblocked.",Ugly Basement,"You are in an ugly basement.



There is an exit to the south. Don't worry, it is unblocked.",You are carrying nothing.,0 of 1,0.0,False,
65,,I went north to the ugly basement.,I should go south from the ugly basement to return to the previous room.,go south,,"Well how about that, you are in a place we're calling a washroom.



There is an unblocked exit to the east. There is an exit to the north. Don't worry, it is unguarded. You need an unblocked exit? You should try going south. You don't like doors? Why not try going west, that entranceway is unblocked.",Washroom,"Well how about that, you are in a place we're calling a washroom.



There is an unblocked exit to the east. There is an exit to the north. Don't worry, it is unguarded. You need an unblocked exit? You should try going south. You don't like doors? Why not try going west, that entranceway is unblocked.",You are carrying nothing.,0 of 1,0.0,False,
66,,I went south back to the washroom.,I should go south from the washroom to explore a new area.,go south,,"You find yourself in a scullery. A normal kind of place.



There is an unblocked exit to the east. You don't like doors? Why not try going north, that entranceway is unblocked. There is an exit to the south. Don't worry, it is unguarded. You need an unblocked exit? You should try going west.",Scullery,"You find yourself in a scullery. A normal kind of place.



There is an unblocked exit to the east. You don't like doors? Why not try going north, that entranceway is unblocked. There is an exit to the south. Don't worry, it is unguarded. You need an unblocked exit? You should try going west.",You are carrying nothing.,0 of 1,0.0,False,
67,,I went south to the scullery.,I should go west from the scullery to explore a new area.,go west,,"You've entered a basement.



There is an unblocked exit to the east. You don't like doors? Why not try going north, that entranceway is unguarded. There is an exit to the south. Don't worry, it is unguarded. You don't like doors? Why not try going west, that entranceway is unblocked.",Basement,"You've entered a basement.



There is an unblocked exit to the east. You don't like doors? Why not try going north, that entranceway is unguarded. There is an exit to the south. Don't worry, it is unguarded. You don't like doors? Why not try going west, that entranceway is unblocked.",You are carrying nothing.,0 of 1,0.0,False,
68,,I went west to the basement.,I should go south from the basement to explore a new area.,go south,,"You're now in a cookhouse.



You need an unguarded exit? You should try going east. There is an exit to the north. Don't worry, it is unguarded. You need an unguarded exit? You should try going south. You don't like doors? Why not try going west, that entranceway is unguarded.",Cookhouse,"You're now in a cookhouse.



You need an unguarded exit? You should try going east. There is an exit to the north. Don't worry, it is unguarded. You need an unguarded exit? You should try going south. You don't like doors? Why not try going west, that entranceway is unguarded.",You are carrying nothing.,0 of 1,0.0,False,
69,,I went south to the cookhouse.,I should go west from the cookhouse to explore a new area.,go west,,"You're now in the studio.



There is an exit to the east. Don't worry, it is unguarded.",Studio,"You're now in the studio.



There is an exit to the east. Don't worry, it is unguarded.",You are carrying nothing.,0 of 1,0.0,False,
70,,I went west to the studio.,I should go east from the studio to return to the previous room.,go east,,"You're now in a cookhouse.



You need an unguarded exit? You should try going east. There is an exit to the north. Don't worry, it is unguarded. You need an unguarded exit? You should try going south. You don't like doors? Why not try going west, that entranceway is unguarded.",Cookhouse,"You're now in a cookhouse.



You need an unguarded exit? You should try going east. There is an exit to the north. Don't worry, it is unguarded. You need an unguarded exit? You should try going south. You don't like doors? Why not try going west, that entranceway is unguarded.",You are carrying nothing.,0 of 1,0.0,False,
71,,I went east back to the cookhouse.,I should go north from the cookhouse to explore a new area.,go north,,"You've entered a basement.



There is an unblocked exit to the east. You don't like doors? Why not try going north, that entranceway is unguarded. There is an exit to the south. Don't worry, it is unguarded. You don't like doors? Why not try going west, that entranceway is unblocked.",Basement,"You've entered a basement.



There is an unblocked exit to the east. You don't like doors? Why not try going north, that entranceway is unguarded. There is an exit to the south. Don't worry, it is unguarded. You don't like doors? Why not try going west, that entranceway is unblocked.",You are carrying nothing.,0 of 1,0.0,False,
72,,I went north to the basement.,I should go west from the basement to explore a new area.,go west,,"You find yourself in a bedchamber. A normal kind of place.



You don't like doors? Why not try going east, that entranceway is unguarded.",Bedchamber,"You find yourself in a bedchamber. A normal kind of place.



You don't like doors? Why not try going east, that entranceway is unguarded.",You are carrying nothing.,0 of 1,0.0,False,
73,,I went west to the bedchamber.,I should look around the bedchamber carefully to find the coin on the floor.,look,,"You find yourself in a bedchamber. A normal kind of place.



You don't like doors? Why not try going east, that entranceway is unguarded.",Bedchamber,"You find yourself in a bedchamber. A normal kind of place.



You don't like doors? Why not try going east, that entranceway is unguarded.",You are carrying nothing.,0 of 1,0.0,False,
74,,I looked around the bedchamber but did not find the coin.,I should try to take the coin from the floor in the bedchamber again.,take coin from floor,,You can't see any such thing.,Bedchamber,"You find yourself in a bedchamber. A normal kind of place.



You don't like doors? Why not try going east, that entranceway is unguarded.",You are carrying nothing.,0 of 1,0.0,False,
75,,I tried to take the coin from the floor in the bedchamber but couldn't find it.,I should examine the floor closely to see if the coin is there or if it is hidden.,examine floor,,You can't see any such thing.,Bedchamber,"You find yourself in a bedchamber. A normal kind of place.



You don't like doors? Why not try going east, that entranceway is unguarded.",You are carrying nothing.,0 of 1,0.0,False,
76,,I examined the floor in the bedchamber but did not find anything.,I should try going east to leave the bedchamber and explore other areas for the coin.,go east,,"You've entered a basement.



There is an unblocked exit to the east. You don't like doors? Why not try going north, that entranceway is unguarded. There is an exit to the south. Don't worry, it is unguarded. You don't like doors? Why not try going west, that entranceway is unblocked.",Basement,"You've entered a basement.



There is an unblocked exit to the east. You don't like doors? Why not try going north, that entranceway is unguarded. There is an exit to the south. Don't worry, it is unguarded. You don't like doors? Why not try going west, that entranceway is unblocked.",You are carrying nothing.,0 of 1,0.0,False,
77,,I went east to the basement.,I should go east from the basement to explore a new area.,go east,,"You find yourself in a scullery. A normal kind of place.



There is an unblocked exit to the east. You don't like doors? Why not try going north, that entranceway is unblocked. There is an exit to the south. Don't worry, it is unguarded. You need an unblocked exit? You should try going west.",Scullery,"You find yourself in a scullery. A normal kind of place.



There is an unblocked exit to the east. You don't like doors? Why not try going north, that entranceway is unblocked. There is an exit to the south. Don't worry, it is unguarded. You need an unblocked exit? You should try going west.",You are carrying nothing.,0 of 1,0.0,False,
78,,I went east to the scullery.,I should go west from the scullery to explore a new area.,go west,,"You've entered a basement.



There is an unblocked exit to the east. You don't like doors? Why not try going north, that entranceway is unguarded. There is an exit to the south. Don't worry, it is unguarded. You don't like doors? Why not try going west, that entranceway is unblocked.",Basement,"You've entered a basement.



There is an unblocked exit to the east. You don't like doors? Why not try going north, that entranceway is unguarded. There is an exit to the south. Don't worry, it is unguarded. You don't like doors? Why not try going west, that entranceway is unblocked.",You are carrying nothing.,0 of 1,0.0,False,
79,,I went west to the basement.,I should go north from the basement to explore a new area.,go north,,"If you're wondering why everything seems so spotless all of a sudden, it's because you've just shown up in the spotless shower 39. You begin to take stock of what's here.



There is an unblocked exit to the south.",Spotless Shower 39,"If you're wondering why everything seems so spotless all of a sudden, it's because you've just shown up in the spotless shower 39. You begin to take stock of what's here.



There is an unblocked exit to the south.",You are carrying nothing.,0 of 1,0.0,False,
80,,I went north to the spotless shower 39.,I should go south from the spotless shower 39 to return to the basement and explore other directions.,go south,,"You've entered a basement.



There is an unblocked exit to the east. You don't like doors? Why not try going north, that entranceway is unguarded. There is an exit to the south. Don't worry, it is unguarded. You don't like doors? Why not try going west, that entranceway is unblocked.",Basement,"You've entered a basement.



There is an unblocked exit to the east. You don't like doors? Why not try going north, that entranceway is unguarded. There is an exit to the south. Don't worry, it is unguarded. You don't like doors? Why not try going west, that entranceway is unblocked.",You are carrying nothing.,0 of 1,0.0,False,
81,,I went south back to the basement.,I should go east from the basement to explore a new area.,go east,,"You find yourself in a scullery. A normal kind of place.



There is an unblocked exit to the east. You don't like doors? Why not try going north, that entranceway is unblocked. There is an exit to the south. Don't worry, it is unguarded. You need an unblocked exit? You should try going west.",Scullery,"You find yourself in a scullery. A normal kind of place.



There is an unblocked exit to the east. You don't like doors? Why not try going north, that entranceway is unblocked. There is an exit to the south. Don't worry, it is unguarded. You need an unblocked exit? You should try going west.",You are carrying nothing.,0 of 1,0.0,False,
82,,I went east to the scullery.,I should go north from the scullery to explore a new area.,go north,,"Well how about that, you are in a place we're calling a washroom.



There is an unblocked exit to the east. There is an exit to the north. Don't worry, it is unguarded. You need an unblocked exit? You should try going south. You don't like doors? Why not try going west, that entranceway is unblocked.",Washroom,"Well how about that, you are in a place we're calling a washroom.



There is an unblocked exit to the east. There is an exit to the north. Don't worry, it is unguarded. You need an unblocked exit? You should try going south. You don't like doors? Why not try going west, that entranceway is unblocked.",You are carrying nothing.,0 of 1,0.0,False,
83,,I went north to the washroom.,I should go east from the washroom to explore a new area.,go east,,"You've just shown up in an ugly cellar. You begin to take stock of what's in the room.



There is an exit to the west. Don't worry, it is unguarded.",Ugly Cellar,"You've just shown up in an ugly cellar. You begin to take stock of what's in the room.



There is an exit to the west. Don't worry, it is unguarded.",You are carrying nothing.,0 of 1,0.0,False,
84,,I went east to the ugly cellar.,I should go west from the ugly cellar to return to the washroom and explore other directions.,go west,,"Well how about that, you are in a place we're calling a washroom.



There is an unblocked exit to the east. There is an exit to the north. Don't worry, it is unguarded. You need an unblocked exit? You should try going south. You don't like doors? Why not try going west, that entranceway is unblocked.",Washroom,"Well how about that, you are in a place we're calling a washroom.



There is an unblocked exit to the east. There is an exit to the north. Don't worry, it is unguarded. You need an unblocked exit? You should try going south. You don't like doors? Why not try going west, that entranceway is unblocked.",You are carrying nothing.,0 of 1,0.0,False,
85,,I went west back to the washroom.,I should go north from the washroom to explore a new area.,go north,,"You are in an ugly basement.



There is an exit to the south. Don't worry, it is unblocked.",Ugly Basement,"You are in an ugly basement.



There is an exit to the south. Don't worry, it is unblocked.",You are carrying nothing.,0 of 1,0.0,False,
86,,I went north to the ugly basement.,I should go south from the ugly basement to return to the washroom and explore other directions.,go south,,"Well how about that, you are in a place we're calling a washroom.



There is an unblocked exit to the east. There is an exit to the north. Don't worry, it is unguarded. You need an unblocked exit? You should try going south. You don't like doors? Why not try going west, that entranceway is unblocked.",Washroom,"Well how about that, you are in a place we're calling a washroom.



There is an unblocked exit to the east. There is an exit to the north. Don't worry, it is unguarded. You need an unblocked exit? You should try going south. You don't like doors? Why not try going west, that entranceway is unblocked.",You are carrying nothing.,0 of 1,0.0,False,
87,,I went south back to the washroom.,I should go south from the washroom to explore a new area.,go south,,"You find yourself in a scullery. A normal kind of place.



There is an unblocked exit to the east. You don't like doors? Why not try going north, that entranceway is unblocked. There is an exit to the south. Don't worry, it is unguarded. You need an unblocked exit? You should try going west.",Scullery,"You find yourself in a scullery. A normal kind of place.



There is an unblocked exit to the east. You don't like doors? Why not try going north, that entranceway is unblocked. There is an exit to the south. Don't worry, it is unguarded. You need an unblocked exit? You should try going west.",You are carrying nothing.,0 of 1,0.0,False,
88,,I went south to the scullery.,I should go west from the scullery to explore a new area.,go west,,"You've entered a basement.



There is an unblocked exit to the east. You don't like doors? Why not try going north, that entranceway is unguarded. There is an exit to the south. Don't worry, it is unguarded. You don't like doors? Why not try going west, that entranceway is unblocked.",Basement,"You've entered a basement.



There is an unblocked exit to the east. You don't like doors? Why not try going north, that entranceway is unguarded. There is an exit to the south. Don't worry, it is unguarded. You don't like doors? Why not try going west, that entranceway is unblocked.",You are carrying nothing.,0 of 1,0.0,False,
89,,I went west to the basement.,I should go west again from the basement to explore further.,go west,,"You find yourself in a bedchamber. A normal kind of place.



You don't like doors? Why not try going east, that entranceway is unguarded.",Bedchamber,"You find yourself in a bedchamber. A normal kind of place.



You don't like doors? Why not try going east, that entranceway is unguarded.",You are carrying nothing.,0 of 1,0.0,False,
90,,I went west to the bedchamber.,I should look around the bedchamber carefully to find the coin on the floor.,examine floor,,You can't see any such thing.,Bedchamber,"You find yourself in a bedchamber. A normal kind of place.



You don't like doors? Why not try going east, that entranceway is unguarded.",You are carrying nothing.,0 of 1,0.0,False,
91,,I examined the floor in the bedchamber but did not find the coin.,"I should try to take the coin from the floor in the bedchamber again, just in case.",take coin from floor,,You can't see any such thing.,Bedchamber,"You find yourself in a bedchamber. A normal kind of place.



You don't like doors? Why not try going east, that entranceway is unguarded.",You are carrying nothing.,0 of 1,0.0,False,
92,,I tried to take the coin from the floor in the bedchamber but couldn't find it.,I should go east back to the basement to explore other areas where the coin might be.,go east,,"You've entered a basement.



There is an unblocked exit to the east. You don't like doors? Why not try going north, that entranceway is unguarded. There is an exit to the south. Don't worry, it is unguarded. You don't like doors? Why not try going west, that entranceway is unblocked.",Basement,"You've entered a basement.



There is an unblocked exit to the east. You don't like doors? Why not try going north, that entranceway is unguarded. There is an exit to the south. Don't worry, it is unguarded. You don't like doors? Why not try going west, that entranceway is unblocked.",You are carrying nothing.,0 of 1,0.0,False,
93,,I went east back to the basement.,I should go north from the basement to explore a new area.,go north,,"If you're wondering why everything seems so spotless all of a sudden, it's because you've just shown up in the spotless shower 39. You begin to take stock of what's here.



There is an unblocked exit to the south.",Spotless Shower 39,"If you're wondering why everything seems so spotless all of a sudden, it's because you've just shown up in the spotless shower 39. You begin to take stock of what's here.



There is an unblocked exit to the south.",You are carrying nothing.,0 of 1,0.0,False,
94,,I went north to the spotless shower 39.,I should go south from the spotless shower 39 to return to the basement and explore other directions.,go south,,"You've entered a basement.



There is an unblocked exit to the east. You don't like doors? Why not try going north, that entranceway is unguarded. There is an exit to the south. Don't worry, it is unguarded. You don't like doors? Why not try going west, that entranceway is unblocked.",Basement,"You've entered a basement.



There is an unblocked exit to the east. You don't like doors? Why not try going north, that entranceway is unguarded. There is an exit to the south. Don't worry, it is unguarded. You don't like doors? Why not try going west, that entranceway is unblocked.",You are carrying nothing.,0 of 1,0.0,False,
95,,I went south back to the basement.,I should go east from the basement to explore a new area.,go east,,"You find yourself in a scullery. A normal kind of place.



There is an unblocked exit to the east. You don't like doors? Why not try going north, that entranceway is unblocked. There is an exit to the south. Don't worry, it is unguarded. You need an unblocked exit? You should try going west.",Scullery,"You find yourself in a scullery. A normal kind of place.



There is an unblocked exit to the east. You don't like doors? Why not try going north, that entranceway is unblocked. There is an exit to the south. Don't worry, it is unguarded. You need an unblocked exit? You should try going west.",You are carrying nothing.,0 of 1,0.0,False,
96,,I went east to the scullery.,I should go east from the scullery to explore a new area.,go east,,"You find yourself in a cubicle. A typical kind of place. You can barely contain your excitement.



You need an unblocked exit? You should try going west.",Cubicle,"You find yourself in a cubicle. A typical kind of place. You can barely contain your excitement.



You need an unblocked exit? You should try going west.",You are carrying nothing.,0 of 1,0.0,False,
97,,I went east to the cubicle.,I should go west from the cubicle to return to the scullery and explore other directions.,go west,,"You find yourself in a scullery. A normal kind of place.



There is an unblocked exit to the east. You don't like doors? Why not try going north, that entranceway is unblocked. There is an exit to the south. Don't worry, it is unguarded. You need an unblocked exit? You should try going west.",Scullery,"You find yourself in a scullery. A normal kind of place.



There is an unblocked exit to the east. You don't like doors? Why not try going north, that entranceway is unblocked. There is an exit to the south. Don't worry, it is unguarded. You need an unblocked exit? You should try going west.",You are carrying nothing.,0 of 1,0.0,False,
98,,I went west back to the scullery.,I should go north from the scullery to explore a new area.,go north,,"Well how about that, you are in a place we're calling a washroom.



There is an unblocked exit to the east. There is an exit to the north. Don't worry, it is unguarded. You need an unblocked exit? You should try going south. You don't like doors? Why not try going west, that entranceway is unblocked.",Washroom,"Well how about that, you are in a place we're calling a washroom.



There is an unblocked exit to the east. There is an exit to the north. Don't worry, it is unguarded. You need an unblocked exit? You should try going south. You don't like doors? Why not try going west, that entranceway is unblocked.",You are carrying nothing.,0 of 1,0.0,False,
99,,I went north to the washroom.,I should go west from the washroom to explore a new area.,go west,,"You find yourself in a playroom. A standard kind of place. You start to take note of what's in the room.



There is an exit to the east. Don't worry, it is unguarded. There is an exit to the north. Don't worry, it is unguarded. There is an unblocked exit to the south. There is an exit to the west. Don't worry, it is unguarded.",Playroom,"You find yourself in a playroom. A standard kind of place. You start to take note of what's in the room.



There is an exit to the east. Don't worry, it is unguarded. There is an exit to the north. Don't worry, it is unguarded. There is an unblocked exit to the south. There is an exit to the west. Don't worry, it is unguarded.",You are carrying nothing.,0 of 1,0.0,False,
100,,I went west to the playroom.,I should go south from the playroom to explore a new area.,go south,,"You arrive in a parlor. A well lit one.



You don't like doors? Why not try going north, that entranceway is unguarded.",Well Lit Parlor,"You arrive in a parlor. A well lit one.



You don't like doors? Why not try going north, that entranceway is unguarded.",You are carrying nothing.,0 of 1,0.0,True,
