step_id,thought,action,task,feedback,location,description,inventory,score,reward,is_done,error
0,,,"Welcome to another fast paced episode of TextWorld! Here is your task for today. First thing I need you to do is to travel north. With that done, make an attempt to go north. With that accomplished, go to the north. Then, take a trip west. Following that, try to move west. Following that, venture north. And then, make an attempt to go to the west. Then, try to head south. Following that, try to move west. After that, make an attempt to go to the west. If you can do that, make an attempt to head west. With that accomplished, travel west. Okay, and then, try to travel south. Following that, try to go to the south. And then, venture south. With that over with, venture south. Then, make an effort to venture south. And then, make an attempt to go west. And then, try to go to the north. And then, travel east. Then, attempt to venture south. With that over with, travel west. After that, move west. Okay, and then, go to the north. And then, take a trip north. With that accomplished, move east. Following that, make an effort to move south. After that, take a trip east. With that over with, venture north. Then, make an attempt to venture north. And then, try to head east. Once you get around to doing that, make an attempt to take a trip south. Then, venture east. That done, travel east. Then, head north. And then, attempt to head west. Following that, make an effort to head south. After that, take a trip east. If you can manage that, attempt to move east. After that, go east. Then, move south. With that done, try to move south. After that, make an attempt to move west. Then, go to the south. Following that, venture west. And then, take a trip north. If you can get through with that, head east. After that, try to move east. And then, take a trip north. After that, attempt to venture west. Following that, make an attempt to go to the north. And then, go to the north. Then, make an attempt to head west. If you can finish that, make an effort to go to the south. And then, make an attempt to travel west. Following that, take a trip south. That done, head south. Then, venture east. And then, make an effort to move east. And then, attempt to travel east. Then, make an attempt to go to the south. Once you accomplish that, go to the east. Then, make an attempt to travel north. And then, take a trip west. And then, go north. Following that, attempt to venture east. Okay, and then, try to go to the east. With that over with, try to head north. If you can accomplish that, move east. And then, make an effort to go to the south. And then, travel south. After that, make an attempt to go west. And then, head west. With that over with, move north. And then, go west. That done, attempt to move west. With that done, go to the north. Then, take a trip east. Next, make an effort to venture north. Then, move north. Next, move north. With that accomplished, travel east. If you can get around to doing that, try to move east. Once you accomplish that, try to head east. After that, try to go east. And then, make an effort to go to the east. After that, make an attempt to go east. Then, make an effort to go to the north. Then, travel west. And then, travel south. That done, go south. And then, head east. With that over with, venture east. Okay, and then, attempt to head east. With that done, travel east. And then, go to the east. And then, try to travel north. Then, make an attempt to take a trip west. After that, make an effort to venture west. Then, pick up the coin from the floor of the exciting parlor. That's it!",,Sauna,"You arrive in a sauna. A typical kind of place. You can barely contain your excitement.



There is an unblocked exit to the east. You don't like doors? Why not try going north, that entranceway is unblocked.",You are carrying nothing.,0 of 1,0.0,False,
1,"The first instruction is to travel north, so I will go north from the sauna.",go north,,"You've just shown up in a bar.



You need an unblocked exit? You should try going east. There is an unblocked exit to the north. You don't like doors? Why not try going south, that entranceway is unguarded.",Bar,"You've just shown up in a bar.



You need an unblocked exit? You should try going east. There is an unblocked exit to the north. You don't like doors? Why not try going south, that entranceway is unguarded.",You are carrying nothing.,0 of 1,0.0,False,
2,"The next instruction is to make an attempt to go north, so I will go north from the bar.",go north,,"You've just walked into a studio.



You don't like doors? Why not try going east, that entranceway is unblocked. You don't like doors? Why not try going north, that entranceway is unguarded. There is an exit to the south. Don't worry, it is unblocked.",Studio,"You've just walked into a studio.



You don't like doors? Why not try going east, that entranceway is unblocked. You don't like doors? Why not try going north, that entranceway is unguarded. There is an exit to the south. Don't worry, it is unblocked.",You are carrying nothing.,0 of 1,0.0,False,
3,"The next instruction is to go north again, so I will go north from the studio.",go north,,"You've just walked into a serious studio.



You need an unguarded exit? You should try going north. You don't like doors? Why not try going south, that entranceway is unblocked. There is an exit to the west. Don't worry, it is unblocked.",Serious Studio,"You've just walked into a serious studio.



You need an unguarded exit? You should try going north. You don't like doors? Why not try going south, that entranceway is unblocked. There is an exit to the west. Don't worry, it is unblocked.",You are carrying nothing.,0 of 1,0.0,False,
4,"The next instruction is to take a trip west, so I will go west from the serious studio.",go west,,"You are in a kitchenette. A sweaty kind of place. You begin looking for stuff.



You need an unblocked exit? You should try going east. There is an exit to the north. Don't worry, it is unblocked. You don't like doors? Why not try going west, that entranceway is unguarded.",Sweaty Kitchenette,"You are in a kitchenette. A sweaty kind of place. You begin looking for stuff.



You need an unblocked exit? You should try going east. There is an exit to the north. Don't worry, it is unblocked. You don't like doors? Why not try going west, that entranceway is unguarded.",You are carrying nothing.,0 of 1,0.0,False,
5,"The next instruction is to try to move west, so I will go west from the sweaty kitchenette.",go west,,"You've entered an exciting playroom. The room is well lit.



There is an unguarded exit to the east. You don't like doors? Why not try going north, that entranceway is unblocked. You need an unguarded exit? You should try going west.",Exciting Playroom,"You've entered an exciting playroom. The room is well lit.



There is an unguarded exit to the east. You don't like doors? Why not try going north, that entranceway is unblocked. You need an unguarded exit? You should try going west.",You are carrying nothing.,0 of 1,0.0,False,
6,"The next instruction is to venture north, so I will go north from the exciting playroom.",go north,,"You find yourself in an usual kind of place. That is to say, you're in a shower.



There is an exit to the east. Don't worry, it is unblocked. You don't like doors? Why not try going south, that entranceway is unblocked. You need an unguarded exit? You should try going west.",Shower,"You find yourself in an usual kind of place. That is to say, you're in a shower.



There is an exit to the east. Don't worry, it is unblocked. You don't like doors? Why not try going south, that entranceway is unblocked. You need an unguarded exit? You should try going west.",You are carrying nothing.,0 of 1,0.0,False,
7,"The next instruction is to make an attempt to go to the west, so I will go west from the shower.",go west,,"You've seen better studio 1s, but at least this one seems pretty serious.



There is an unblocked exit to the east. You don't like doors? Why not try going south, that entranceway is unguarded. There is an exit to the west. Don't worry, it is unblocked.",Serious Studio 1,"You've seen better studio 1s, but at least this one seems pretty serious.



There is an unblocked exit to the east. You don't like doors? Why not try going south, that entranceway is unguarded. There is an exit to the west. Don't worry, it is unblocked.",You are carrying nothing.,0 of 1,0.0,False,
8,"The next instruction is to try to head south, so I will go south from Serious Studio 1.",go south,,"Well, here we are in the chamber. You can barely contain your excitement.



You need an unblocked exit? You should try going east. You don't like doors? Why not try going north, that entranceway is unguarded. You need an unblocked exit? You should try going west.",Chamber,"Well, here we are in the chamber. You can barely contain your excitement.



You need an unblocked exit? You should try going east. You don't like doors? Why not try going north, that entranceway is unguarded. You need an unblocked exit? You should try going west.",You are carrying nothing.,0 of 1,0.0,False,
9,"The next instruction is to try to move west, so I will go west from the chamber.",go west,,"You're not going to believe this, but you've just entered a forgotten attic.



You don't like doors? Why not try going east, that entranceway is unblocked. You don't like doors? Why not try going north, that entranceway is unblocked. There is an unblocked exit to the west.",Forgotten Attic,"You're not going to believe this, but you've just entered a forgotten attic.



You don't like doors? Why not try going east, that entranceway is unblocked. You don't like doors? Why not try going north, that entranceway is unblocked. There is an unblocked exit to the west.",You are carrying nothing.,0 of 1,0.0,False,
10,"The next instruction is to make an attempt to go to the west, so I will go west from the forgotten attic.",go west,,"Look around you. Take it all in. It's not every day someone gets to be in a washroom. I guess you better just go and list everything you see here.



You need an unguarded exit? You should try going east. There is an exit to the north. Don't worry, it is unguarded. There is an exit to the west. Don't worry, it is unblocked.",Washroom,"Look around you. Take it all in. It's not every day someone gets to be in a washroom. I guess you better just go and list everything you see here.



You need an unguarded exit? You should try going east. There is an exit to the north. Don't worry, it is unguarded. There is an exit to the west. Don't worry, it is unblocked.",You are carrying nothing.,0 of 1,0.0,False,
11,"The next instruction is to make an attempt to head west, so I will go west from the washroom.",go west,,"You've entered a closet. You decide to just list off a complete list of everything you see in the room, because hey, why not?



You don't like doors? Why not try going east, that entranceway is unguarded. There is an exit to the south. Don't worry, it is unguarded. There is an exit to the west. Don't worry, it is unguarded.",Closet,"You've entered a closet. You decide to just list off a complete list of everything you see in the room, because hey, why not?



You don't like doors? Why not try going east, that entranceway is unguarded. There is an exit to the south. Don't worry, it is unguarded. There is an exit to the west. Don't worry, it is unguarded.",You are carrying nothing.,0 of 1,0.0,False,
12,"The next instruction is to travel west, so I will go west from the closet.",go west,,"You arrive in a workshop. A standard one.



You don't like doors? Why not try going east, that entranceway is unblocked. There is an exit to the south. Don't worry, it is unblocked. You don't like doors? Why not try going west, that entranceway is unguarded.",Workshop,"You arrive in a workshop. A standard one.



You don't like doors? Why not try going east, that entranceway is unblocked. There is an exit to the south. Don't worry, it is unblocked. You don't like doors? Why not try going west, that entranceway is unguarded.",You are carrying nothing.,0 of 1,0.0,False,
13,"The next instruction is to try to travel south, so I will go south from the workshop.",go south,,"You are in a garage. It seems to be pretty usual here. You decide to start listing off everything you see in the room, as if you were in a text adventure.



There is an exit to the east. Don't worry, it is unblocked. There is an unblocked exit to the north. You need an unguarded exit? You should try going south.",Garage,"You are in a garage. It seems to be pretty usual here. You decide to start listing off everything you see in the room, as if you were in a text adventure.



There is an exit to the east. Don't worry, it is unblocked. There is an unblocked exit to the north. You need an unguarded exit? You should try going south.",You are carrying nothing.,0 of 1,0.0,False,
14,"The next instruction is to try to go to the south, so I will go south from the garage.",go south,,"You find yourself in a parlor. A typical one. The room seems oddly familiar, as though it were only superficially different from the other rooms in the building.



There is an unguarded exit to the east. There is an unblocked exit to the north. There is an exit to the south. Don't worry, it is unguarded.",Parlor,"You find yourself in a parlor. A typical one. The room seems oddly familiar, as though it were only superficially different from the other rooms in the building.



There is an unguarded exit to the east. There is an unblocked exit to the north. There is an exit to the south. Don't worry, it is unguarded.",You are carrying nothing.,0 of 1,0.0,False,
15,"The next instruction is to try to move west, so I will go west from the parlor.",go west,,You can't go that way.,Parlor,"You find yourself in a parlor. A typical one. The room seems oddly familiar, as though it were only superficially different from the other rooms in the building.



There is an unguarded exit to the east. There is an unblocked exit to the north. There is an exit to the south. Don't worry, it is unguarded.",You are carrying nothing.,0 of 1,0.0,False,
16,"Since I cannot go west from the parlor, I will try to go north as the next instruction is to try to go to the north.",go north,,"You are in a garage. It seems to be pretty usual here. You decide to start listing off everything you see in the room, as if you were in a text adventure.



There is an exit to the east. Don't worry, it is unblocked. There is an unblocked exit to the north. You need an unguarded exit? You should try going south.",Garage,"You are in a garage. It seems to be pretty usual here. You decide to start listing off everything you see in the room, as if you were in a text adventure.



There is an exit to the east. Don't worry, it is unblocked. There is an unblocked exit to the north. You need an unguarded exit? You should try going south.",You are carrying nothing.,0 of 1,0.0,False,
17,"The next instruction is to travel east, so I will go east from the garage.",go east,,"You are in a basement. A normal kind of place. You decide to just list off a complete list of everything you see in the room, because hey, why not?



There is an unblocked exit to the west.",Basement,"You are in a basement. A normal kind of place. You decide to just list off a complete list of everything you see in the room, because hey, why not?



There is an unblocked exit to the west.",You are carrying nothing.,0 of 1,0.0,False,
18,"The next instruction is to attempt to venture south, but there is no south exit here, so I will try to go west instead as the only exit.",go west,,"You are in a garage. It seems to be pretty usual here. You decide to start listing off everything you see in the room, as if you were in a text adventure.



There is an exit to the east. Don't worry, it is unblocked. There is an unblocked exit to the north. You need an unguarded exit? You should try going south.",Garage,"You are in a garage. It seems to be pretty usual here. You decide to start listing off everything you see in the room, as if you were in a text adventure.



There is an exit to the east. Don't worry, it is unblocked. There is an unblocked exit to the north. You need an unguarded exit? You should try going south.",You are carrying nothing.,0 of 1,0.0,False,
19,"The next instruction is to travel west, but there is no west exit here, so I will try to go north as the next best option.",go north,,"You arrive in a workshop. A standard one.



You don't like doors? Why not try going east, that entranceway is unblocked. There is an exit to the south. Don't worry, it is unblocked. You don't like doors? Why not try going west, that entranceway is unguarded.",Workshop,"You arrive in a workshop. A standard one.



You don't like doors? Why not try going east, that entranceway is unblocked. There is an exit to the south. Don't worry, it is unblocked. You don't like doors? Why not try going west, that entranceway is unguarded.",You are carrying nothing.,0 of 1,0.0,False,
20,"The next instruction is to take a trip north, but there is no north exit here, so I will try to go east as the next best option.",go east,,"You've entered a closet. You decide to just list off a complete list of everything you see in the room, because hey, why not?



You don't like doors? Why not try going east, that entranceway is unguarded. There is an exit to the south. Don't worry, it is unguarded. There is an exit to the west. Don't worry, it is unguarded.",Closet,"You've entered a closet. You decide to just list off a complete list of everything you see in the room, because hey, why not?



You don't like doors? Why not try going east, that entranceway is unguarded. There is an exit to the south. Don't worry, it is unguarded. There is an exit to the west. Don't worry, it is unguarded.",You are carrying nothing.,0 of 1,0.0,False,
21,"The next instruction is to move east, so I will go east from the closet.",go east,,"Look around you. Take it all in. It's not every day someone gets to be in a washroom. I guess you better just go and list everything you see here.



You need an unguarded exit? You should try going east. There is an exit to the north. Don't worry, it is unguarded. There is an exit to the west. Don't worry, it is unblocked.",Washroom,"Look around you. Take it all in. It's not every day someone gets to be in a washroom. I guess you better just go and list everything you see here.



You need an unguarded exit? You should try going east. There is an exit to the north. Don't worry, it is unguarded. There is an exit to the west. Don't worry, it is unblocked.",You are carrying nothing.,0 of 1,0.0,False,
22,"The next instruction is to attempt to venture south, but there is no south exit here, so I will try to go east as the next best option.",go east,,"You're not going to believe this, but you've just entered a forgotten attic.



You don't like doors? Why not try going east, that entranceway is unblocked. You don't like doors? Why not try going north, that entranceway is unblocked. There is an unblocked exit to the west.",Forgotten Attic,"You're not going to believe this, but you've just entered a forgotten attic.



You don't like doors? Why not try going east, that entranceway is unblocked. You don't like doors? Why not try going north, that entranceway is unblocked. There is an unblocked exit to the west.",You are carrying nothing.,0 of 1,0.0,False,
23,"The next instruction is to travel west, so I will go west from the forgotten attic.",go west,,"Look around you. Take it all in. It's not every day someone gets to be in a washroom. I guess you better just go and list everything you see here.



You need an unguarded exit? You should try going east. There is an exit to the north. Don't worry, it is unguarded. There is an exit to the west. Don't worry, it is unblocked.",Washroom,"Look around you. Take it all in. It's not every day someone gets to be in a washroom. I guess you better just go and list everything you see here.



You need an unguarded exit? You should try going east. There is an exit to the north. Don't worry, it is unguarded. There is an exit to the west. Don't worry, it is unblocked.",You are carrying nothing.,0 of 1,0.0,False,
24,"The next instruction is to move west, so I will go west from the washroom.",go west,,"You've entered a closet. You decide to just list off a complete list of everything you see in the room, because hey, why not?



You don't like doors? Why not try going east, that entranceway is unguarded. There is an exit to the south. Don't worry, it is unguarded. There is an exit to the west. Don't worry, it is unguarded.",Closet,"You've entered a closet. You decide to just list off a complete list of everything you see in the room, because hey, why not?



You don't like doors? Why not try going east, that entranceway is unguarded. There is an exit to the south. Don't worry, it is unguarded. There is an exit to the west. Don't worry, it is unguarded.",You are carrying nothing.,0 of 1,0.0,False,
25,"The next instruction is to go to the north, but there is no north exit here, so I will try to go south as the next best option.",go south,,"You've just walked into a steamy kitchenette.



There is an unblocked exit to the north.",Steamy Kitchenette,"You've just walked into a steamy kitchenette.



There is an unblocked exit to the north.",You are carrying nothing.,0 of 1,0.0,False,
26,"The next instruction is to take a trip north, so I will go north from the steamy kitchenette.",go north,,"You've entered a closet. You decide to just list off a complete list of everything you see in the room, because hey, why not?



You don't like doors? Why not try going east, that entranceway is unguarded. There is an exit to the south. Don't worry, it is unguarded. There is an exit to the west. Don't worry, it is unguarded.",Closet,"You've entered a closet. You decide to just list off a complete list of everything you see in the room, because hey, why not?



You don't like doors? Why not try going east, that entranceway is unguarded. There is an exit to the south. Don't worry, it is unguarded. There is an exit to the west. Don't worry, it is unguarded.",You are carrying nothing.,0 of 1,0.0,False,
27,"The next instruction is to move east, so I will go east from the closet.",go east,,"Look around you. Take it all in. It's not every day someone gets to be in a washroom. I guess you better just go and list everything you see here.



You need an unguarded exit? You should try going east. There is an exit to the north. Don't worry, it is unguarded. There is an exit to the west. Don't worry, it is unblocked.",Washroom,"Look around you. Take it all in. It's not every day someone gets to be in a washroom. I guess you better just go and list everything you see here.



You need an unguarded exit? You should try going east. There is an exit to the north. Don't worry, it is unguarded. There is an exit to the west. Don't worry, it is unblocked.",You are carrying nothing.,0 of 1,0.0,False,
28,"The next instruction is to make an effort to move south, so I will go south from the washroom.",go south,,You can't go that way.,Washroom,"Look around you. Take it all in. It's not every day someone gets to be in a washroom. I guess you better just go and list everything you see here.



You need an unguarded exit? You should try going east. There is an exit to the north. Don't worry, it is unguarded. There is an exit to the west. Don't worry, it is unblocked.",You are carrying nothing.,0 of 1,0.0,False,
29,"Since I can't go south from the washroom, I will try going east as suggested by the description.",go east,,"You're not going to believe this, but you've just entered a forgotten attic.



You don't like doors? Why not try going east, that entranceway is unblocked. You don't like doors? Why not try going north, that entranceway is unblocked. There is an unblocked exit to the west.",Forgotten Attic,"You're not going to believe this, but you've just entered a forgotten attic.



You don't like doors? Why not try going east, that entranceway is unblocked. You don't like doors? Why not try going north, that entranceway is unblocked. There is an unblocked exit to the west.",You are carrying nothing.,0 of 1,0.0,False,
30,"The next instruction is to take a trip east, so I will go east from the forgotten attic.",go east,,"Well, here we are in the chamber. You can barely contain your excitement.



You need an unblocked exit? You should try going east. You don't like doors? Why not try going north, that entranceway is unguarded. You need an unblocked exit? You should try going west.",Chamber,"Well, here we are in the chamber. You can barely contain your excitement.



You need an unblocked exit? You should try going east. You don't like doors? Why not try going north, that entranceway is unguarded. You need an unblocked exit? You should try going west.",You are carrying nothing.,0 of 1,0.0,False,
31,"The next instruction is to venture north, so I will go north from the chamber.",go north,,"You've seen better studio 1s, but at least this one seems pretty serious.



There is an unblocked exit to the east. You don't like doors? Why not try going south, that entranceway is unguarded. There is an exit to the west. Don't worry, it is unblocked.",Serious Studio 1,"You've seen better studio 1s, but at least this one seems pretty serious.



There is an unblocked exit to the east. You don't like doors? Why not try going south, that entranceway is unguarded. There is an exit to the west. Don't worry, it is unblocked.",You are carrying nothing.,0 of 1,0.0,False,
32,"The next instruction is to make an attempt to venture north, so I will go north from Serious Studio 1.",go north,,You can't go that way.,Serious Studio 1,"You've seen better studio 1s, but at least this one seems pretty serious.



There is an unblocked exit to the east. You don't like doors? Why not try going south, that entranceway is unguarded. There is an exit to the west. Don't worry, it is unblocked.",You are carrying nothing.,0 of 1,0.0,False,
33,"Since I can't go north from Serious Studio 1, I will try to head east as the next instruction says to try to head east.",go east,,"You find yourself in an usual kind of place. That is to say, you're in a shower.



There is an exit to the east. Don't worry, it is unblocked. You don't like doors? Why not try going south, that entranceway is unblocked. You need an unguarded exit? You should try going west.",Shower,"You find yourself in an usual kind of place. That is to say, you're in a shower.



There is an exit to the east. Don't worry, it is unblocked. You don't like doors? Why not try going south, that entranceway is unblocked. You need an unguarded exit? You should try going west.",You are carrying nothing.,0 of 1,0.0,False,
34,"The next instruction is to make an attempt to take a trip south, so I will go south from the shower.",go south,,"You've entered an exciting playroom. The room is well lit.



There is an unguarded exit to the east. You don't like doors? Why not try going north, that entranceway is unblocked. You need an unguarded exit? You should try going west.",Exciting Playroom,"You've entered an exciting playroom. The room is well lit.



There is an unguarded exit to the east. You don't like doors? Why not try going north, that entranceway is unblocked. You need an unguarded exit? You should try going west.",You are carrying nothing.,0 of 1,0.0,False,
35,"The final task is to pick up the coin from the floor of the exciting playroom, so I will take the coin.",take coin from floor,,You can't see any such thing.,Exciting Playroom,"You've entered an exciting playroom. The room is well lit.



There is an unguarded exit to the east. You don't like doors? Why not try going north, that entranceway is unblocked. You need an unguarded exit? You should try going west.",You are carrying nothing.,0 of 1,0.0,False,
36,"Since I can't see the coin on the floor, I will look around the exciting playroom carefully to find the coin.",look,,"You've entered an exciting playroom. The room is well lit.



There is an unguarded exit to the east. You don't like doors? Why not try going north, that entranceway is unblocked. You need an unguarded exit? You should try going west.",Exciting Playroom,"You've entered an exciting playroom. The room is well lit.



There is an unguarded exit to the east. You don't like doors? Why not try going north, that entranceway is unblocked. You need an unguarded exit? You should try going west.",You are carrying nothing.,0 of 1,0.0,False,
37,I will examine the floor in the exciting playroom to find the coin.,examine floor,,You can't see any such thing.,Exciting Playroom,"You've entered an exciting playroom. The room is well lit.



There is an unguarded exit to the east. You don't like doors? Why not try going north, that entranceway is unblocked. You need an unguarded exit? You should try going west.",You are carrying nothing.,0 of 1,0.0,False,
38,"Since the coin is not visible on the floor, I will try to look around the room more thoroughly to find any other place where the coin might be.",look,,"You've entered an exciting playroom. The room is well lit.



There is an unguarded exit to the east. You don't like doors? Why not try going north, that entranceway is unblocked. You need an unguarded exit? You should try going west.",Exciting Playroom,"You've entered an exciting playroom. The room is well lit.



There is an unguarded exit to the east. You don't like doors? Why not try going north, that entranceway is unblocked. You need an unguarded exit? You should try going west.",You are carrying nothing.,0 of 1,0.0,False,
39,"Since the coin is not visible in the room, I will try to go west to see if the coin might be in the adjacent area.",go west,,"You've just shown up in a balmy kitchen. You decide to start listing off everything you see in the room, as if you were in a text adventure.



You need an unblocked exit? You should try going east.",Balmy Kitchen,"You've just shown up in a balmy kitchen. You decide to start listing off everything you see in the room, as if you were in a text adventure.



You need an unblocked exit? You should try going east.",You are carrying nothing.,0 of 1,0.0,False,
40,I will look around the balmy kitchen to see if the coin is here.,look,,"You've just shown up in a balmy kitchen. You decide to start listing off everything you see in the room, as if you were in a text adventure.



You need an unblocked exit? You should try going east.",Balmy Kitchen,"You've just shown up in a balmy kitchen. You decide to start listing off everything you see in the room, as if you were in a text adventure.



You need an unblocked exit? You should try going east.",You are carrying nothing.,0 of 1,0.0,False,
41,I will examine the floor in the balmy kitchen to check if the coin is there.,examine floor,,You can't see any such thing.,Balmy Kitchen,"You've just shown up in a balmy kitchen. You decide to start listing off everything you see in the room, as if you were in a text adventure.



You need an unblocked exit? You should try going east.",You are carrying nothing.,0 of 1,0.0,False,
42,"Since the coin is not on the floor, I will try to look around the kitchen more thoroughly to find the coin.",look,,"You've just shown up in a balmy kitchen. You decide to start listing off everything you see in the room, as if you were in a text adventure.



You need an unblocked exit? You should try going east.",Balmy Kitchen,"You've just shown up in a balmy kitchen. You decide to start listing off everything you see in the room, as if you were in a text adventure.



You need an unblocked exit? You should try going east.",You are carrying nothing.,0 of 1,0.0,False,
43,I will try to go east from the balmy kitchen to explore the next room for the coin.,go east,,"You've entered an exciting playroom. The room is well lit.



There is an unguarded exit to the east. You don't like doors? Why not try going north, that entranceway is unblocked. You need an unguarded exit? You should try going west.",Exciting Playroom,"You've entered an exciting playroom. The room is well lit.



There is an unguarded exit to the east. You don't like doors? Why not try going north, that entranceway is unblocked. You need an unguarded exit? You should try going west.",You are carrying nothing.,0 of 1,0.0,False,
44,"The coin should be on the floor of the exciting playroom, so I will try to take the coin from the floor here.",take coin from floor,,You can't see any such thing.,Exciting Playroom,"You've entered an exciting playroom. The room is well lit.



There is an unguarded exit to the east. You don't like doors? Why not try going north, that entranceway is unblocked. You need an unguarded exit? You should try going west.",You are carrying nothing.,0 of 1,0.0,False,
45,"Since I cannot see the coin on the floor, I will look around the exciting playroom to find the coin.",look,,"You've entered an exciting playroom. The room is well lit.



There is an unguarded exit to the east. You don't like doors? Why not try going north, that entranceway is unblocked. You need an unguarded exit? You should try going west.",Exciting Playroom,"You've entered an exciting playroom. The room is well lit.



There is an unguarded exit to the east. You don't like doors? Why not try going north, that entranceway is unblocked. You need an unguarded exit? You should try going west.",You are carrying nothing.,0 of 1,0.0,False,
46,"I will try to take the coin from the exciting playroom without specifying the floor, maybe it is not on the floor but still in the room.",take coin,,You can't see any such thing.,Exciting Playroom,"You've entered an exciting playroom. The room is well lit.



There is an unguarded exit to the east. You don't like doors? Why not try going north, that entranceway is unblocked. You need an unguarded exit? You should try going west.",You are carrying nothing.,0 of 1,0.0,False,
47,"Since the coin is not visible in the exciting playroom, I will try to go west to explore the previous room for the coin.",go west,,"You've just shown up in a balmy kitchen. You decide to start listing off everything you see in the room, as if you were in a text adventure.



You need an unblocked exit? You should try going east.",Balmy Kitchen,"You've just shown up in a balmy kitchen. You decide to start listing off everything you see in the room, as if you were in a text adventure.



You need an unblocked exit? You should try going east.",You are carrying nothing.,0 of 1,0.0,False,
48,I will look around the balmy kitchen to see if the coin is here.,look,,"You've just shown up in a balmy kitchen. You decide to start listing off everything you see in the room, as if you were in a text adventure.



You need an unblocked exit? You should try going east.",Balmy Kitchen,"You've just shown up in a balmy kitchen. You decide to start listing off everything you see in the room, as if you were in a text adventure.



You need an unblocked exit? You should try going east.",You are carrying nothing.,0 of 1,0.0,False,
49,"Since the coin is not visible here, I will try to go east back to the exciting playroom to continue searching.",go east,,"You've entered an exciting playroom. The room is well lit.



There is an unguarded exit to the east. You don't like doors? Why not try going north, that entranceway is unblocked. You need an unguarded exit? You should try going west.",Exciting Playroom,"You've entered an exciting playroom. The room is well lit.



There is an unguarded exit to the east. You don't like doors? Why not try going north, that entranceway is unblocked. You need an unguarded exit? You should try going west.",You are carrying nothing.,0 of 1,0.0,False,
50,I will try going north from the exciting playroom to see if the coin is in that direction.,go north,,"You find yourself in an usual kind of place. That is to say, you're in a shower.



There is an exit to the east. Don't worry, it is unblocked. You don't like doors? Why not try going south, that entranceway is unblocked. You need an unguarded exit? You should try going west.",Shower,"You find yourself in an usual kind of place. That is to say, you're in a shower.



There is an exit to the east. Don't worry, it is unblocked. You don't like doors? Why not try going south, that entranceway is unblocked. You need an unguarded exit? You should try going west.",You are carrying nothing.,0 of 1,0.0,False,
51,I will look around the shower to see if the coin is here.,look,,"You find yourself in an usual kind of place. That is to say, you're in a shower.



There is an exit to the east. Don't worry, it is unblocked. You don't like doors? Why not try going south, that entranceway is unblocked. You need an unguarded exit? You should try going west.",Shower,"You find yourself in an usual kind of place. That is to say, you're in a shower.



There is an exit to the east. Don't worry, it is unblocked. You don't like doors? Why not try going south, that entranceway is unblocked. You need an unguarded exit? You should try going west.",You are carrying nothing.,0 of 1,0.0,False,
52,"Since the coin is not visible here, I will try going west from the shower to explore another area.",go west,,"You've seen better studio 1s, but at least this one seems pretty serious.



There is an unblocked exit to the east. You don't like doors? Why not try going south, that entranceway is unguarded. There is an exit to the west. Don't worry, it is unblocked.",Serious Studio 1,"You've seen better studio 1s, but at least this one seems pretty serious.



There is an unblocked exit to the east. You don't like doors? Why not try going south, that entranceway is unguarded. There is an exit to the west. Don't worry, it is unblocked.",You are carrying nothing.,0 of 1,0.0,False,
53,I will try going west from Serious Studio 1 to continue exploring for the coin.,go west,,"You arrive in a cubicle 3. A serious kind of place.



There is an exit to the east. Don't worry, it is unguarded.",Serious Cubicle 3,"You arrive in a cubicle 3. A serious kind of place.



There is an exit to the east. Don't worry, it is unguarded.",You are carrying nothing.,0 of 1,0.0,False,
54,I will look around the Serious Cubicle 3 to see if the coin is here.,look,,"You arrive in a cubicle 3. A serious kind of place.



There is an exit to the east. Don't worry, it is unguarded.",Serious Cubicle 3,"You arrive in a cubicle 3. A serious kind of place.



There is an exit to the east. Don't worry, it is unguarded.",You are carrying nothing.,0 of 1,0.0,False,
55,"Since the coin is not visible here, I will try going east to return to the previous room.",go east,,"You've seen better studio 1s, but at least this one seems pretty serious.



There is an unblocked exit to the east. You don't like doors? Why not try going south, that entranceway is unguarded. There is an exit to the west. Don't worry, it is unblocked.",Serious Studio 1,"You've seen better studio 1s, but at least this one seems pretty serious.



There is an unblocked exit to the east. You don't like doors? Why not try going south, that entranceway is unguarded. There is an exit to the west. Don't worry, it is unblocked.",You are carrying nothing.,0 of 1,0.0,False,
56,I will try going south from Serious Studio 1 to explore another area.,go south,,"Well, here we are in the chamber. You can barely contain your excitement.



You need an unblocked exit? You should try going east. You don't like doors? Why not try going north, that entranceway is unguarded. You need an unblocked exit? You should try going west.",Chamber,"Well, here we are in the chamber. You can barely contain your excitement.



You need an unblocked exit? You should try going east. You don't like doors? Why not try going north, that entranceway is unguarded. You need an unblocked exit? You should try going west.",You are carrying nothing.,0 of 1,0.0,False,
57,I will try going west from the Chamber to continue exploring for the coin.,go west,,"You're not going to believe this, but you've just entered a forgotten attic.



You don't like doors? Why not try going east, that entranceway is unblocked. You don't like doors? Why not try going north, that entranceway is unblocked. There is an unblocked exit to the west.",Forgotten Attic,"You're not going to believe this, but you've just entered a forgotten attic.



You don't like doors? Why not try going east, that entranceway is unblocked. You don't like doors? Why not try going north, that entranceway is unblocked. There is an unblocked exit to the west.",You are carrying nothing.,0 of 1,0.0,False,
58,I will look around the Forgotten Attic to find the coin.,look,,"You're not going to believe this, but you've just entered a forgotten attic.



You don't like doors? Why not try going east, that entranceway is unblocked. You don't like doors? Why not try going north, that entranceway is unblocked. There is an unblocked exit to the west.",Forgotten Attic,"You're not going to believe this, but you've just entered a forgotten attic.



You don't like doors? Why not try going east, that entranceway is unblocked. You don't like doors? Why not try going north, that entranceway is unblocked. There is an unblocked exit to the west.",You are carrying nothing.,0 of 1,0.0,False,
59,"Since the coin is not visible here, I will try going north from the Forgotten Attic.",go north,,"You're not going to believe this, but you've just entered a roomy spare room. You begin looking for stuff.



You need an unblocked exit? You should try going south.",Roomy Spare Room,"You're not going to believe this, but you've just entered a roomy spare room. You begin looking for stuff.



You need an unblocked exit? You should try going south.",You are carrying nothing.,0 of 1,0.0,False,
60,I will look around the Roomy Spare Room to find the coin.,look,,"You're not going to believe this, but you've just entered a roomy spare room. You begin looking for stuff.



You need an unblocked exit? You should try going south.",Roomy Spare Room,"You're not going to believe this, but you've just entered a roomy spare room. You begin looking for stuff.



You need an unblocked exit? You should try going south.",You are carrying nothing.,0 of 1,0.0,False,
61,"Since the coin is not visible here, I will try going south from the Roomy Spare Room.",go south,,"You're not going to believe this, but you've just entered a forgotten attic.



You don't like doors? Why not try going east, that entranceway is unblocked. You don't like doors? Why not try going north, that entranceway is unblocked. There is an unblocked exit to the west.",Forgotten Attic,"You're not going to believe this, but you've just entered a forgotten attic.



You don't like doors? Why not try going east, that entranceway is unblocked. You don't like doors? Why not try going north, that entranceway is unblocked. There is an unblocked exit to the west.",You are carrying nothing.,0 of 1,0.0,False,
62,I will try going east from the Forgotten Attic to explore another area.,go east,,"Well, here we are in the chamber. You can barely contain your excitement.



You need an unblocked exit? You should try going east. You don't like doors? Why not try going north, that entranceway is unguarded. You need an unblocked exit? You should try going west.",Chamber,"Well, here we are in the chamber. You can barely contain your excitement.



You need an unblocked exit? You should try going east. You don't like doors? Why not try going north, that entranceway is unguarded. You need an unblocked exit? You should try going west.",You are carrying nothing.,0 of 1,0.0,False,
63,I will try going west in the Chamber to see if the coin is there.,go west,,"You're not going to believe this, but you've just entered a forgotten attic.



You don't like doors? Why not try going east, that entranceway is unblocked. You don't like doors? Why not try going north, that entranceway is unblocked. There is an unblocked exit to the west.",Forgotten Attic,"You're not going to believe this, but you've just entered a forgotten attic.



You don't like doors? Why not try going east, that entranceway is unblocked. You don't like doors? Why not try going north, that entranceway is unblocked. There is an unblocked exit to the west.",You are carrying nothing.,0 of 1,0.0,False,
64,I will try going west from the Forgotten Attic to explore the unblocked exit.,go west,,"Look around you. Take it all in. It's not every day someone gets to be in a washroom. I guess you better just go and list everything you see here.



You need an unguarded exit? You should try going east. There is an exit to the north. Don't worry, it is unguarded. There is an exit to the west. Don't worry, it is unblocked.",Washroom,"Look around you. Take it all in. It's not every day someone gets to be in a washroom. I guess you better just go and list everything you see here.



You need an unguarded exit? You should try going east. There is an exit to the north. Don't worry, it is unguarded. There is an exit to the west. Don't worry, it is unblocked.",You are carrying nothing.,0 of 1,0.0,False,
65,I will look around the Washroom to find the coin.,look,,"Look around you. Take it all in. It's not every day someone gets to be in a washroom. I guess you better just go and list everything you see here.



You need an unguarded exit? You should try going east. There is an exit to the north. Don't worry, it is unguarded. There is an exit to the west. Don't worry, it is unblocked.",Washroom,"Look around you. Take it all in. It's not every day someone gets to be in a washroom. I guess you better just go and list everything you see here.



You need an unguarded exit? You should try going east. There is an exit to the north. Don't worry, it is unguarded. There is an exit to the west. Don't worry, it is unblocked.",You are carrying nothing.,0 of 1,0.0,False,
66,I will try going west from the Washroom to explore further.,go west,,"You've entered a closet. You decide to just list off a complete list of everything you see in the room, because hey, why not?



You don't like doors? Why not try going east, that entranceway is unguarded. There is an exit to the south. Don't worry, it is unguarded. There is an exit to the west. Don't worry, it is unguarded.",Closet,"You've entered a closet. You decide to just list off a complete list of everything you see in the room, because hey, why not?



You don't like doors? Why not try going east, that entranceway is unguarded. There is an exit to the south. Don't worry, it is unguarded. There is an exit to the west. Don't worry, it is unguarded.",You are carrying nothing.,0 of 1,0.0,False,
67,I will look around the Closet to find the coin.,look,,"You've entered a closet. You decide to just list off a complete list of everything you see in the room, because hey, why not?



You don't like doors? Why not try going east, that entranceway is unguarded. There is an exit to the south. Don't worry, it is unguarded. There is an exit to the west. Don't worry, it is unguarded.",Closet,"You've entered a closet. You decide to just list off a complete list of everything you see in the room, because hey, why not?



You don't like doors? Why not try going east, that entranceway is unguarded. There is an exit to the south. Don't worry, it is unguarded. There is an exit to the west. Don't worry, it is unguarded.",You are carrying nothing.,0 of 1,0.0,False,
68,I will try going west from the Closet to continue exploring.,go west,,"You arrive in a workshop. A standard one.



You don't like doors? Why not try going east, that entranceway is unblocked. There is an exit to the south. Don't worry, it is unblocked. You don't like doors? Why not try going west, that entranceway is unguarded.",Workshop,"You arrive in a workshop. A standard one.



You don't like doors? Why not try going east, that entranceway is unblocked. There is an exit to the south. Don't worry, it is unblocked. You don't like doors? Why not try going west, that entranceway is unguarded.",You are carrying nothing.,0 of 1,0.0,False,
69,I will look around the Workshop to find the coin.,look,,"You arrive in a workshop. A standard one.



You don't like doors? Why not try going east, that entranceway is unblocked. There is an exit to the south. Don't worry, it is unblocked. You don't like doors? Why not try going west, that entranceway is unguarded.",Workshop,"You arrive in a workshop. A standard one.



You don't like doors? Why not try going east, that entranceway is unblocked. There is an exit to the south. Don't worry, it is unblocked. You don't like doors? Why not try going west, that entranceway is unguarded.",You are carrying nothing.,0 of 1,0.0,False,
70,I will try going west from the Workshop to continue searching for the coin.,go west,,"Well how about that, you are in a place we're calling an attic.



There is an exit to the east. Don't worry, it is unblocked.",Attic,"Well how about that, you are in a place we're calling an attic.



There is an exit to the east. Don't worry, it is unblocked.",You are carrying nothing.,0 of 1,0.0,False,
71,I will look around the Attic to find the coin.,look,,"Well how about that, you are in a place we're calling an attic.



There is an exit to the east. Don't worry, it is unblocked.",Attic,"Well how about that, you are in a place we're calling an attic.



There is an exit to the east. Don't worry, it is unblocked.",You are carrying nothing.,0 of 1,0.0,False,
72,I will go east from the Attic to continue searching for the coin.,go east,,"You arrive in a workshop. A standard one.



You don't like doors? Why not try going east, that entranceway is unblocked. There is an exit to the south. Don't worry, it is unblocked. You don't like doors? Why not try going west, that entranceway is unguarded.",Workshop,"You arrive in a workshop. A standard one.



You don't like doors? Why not try going east, that entranceway is unblocked. There is an exit to the south. Don't worry, it is unblocked. You don't like doors? Why not try going west, that entranceway is unguarded.",You are carrying nothing.,0 of 1,0.0,False,
73,I will go south from the Workshop to continue exploring for the coin.,go south,,"You are in a garage. It seems to be pretty usual here. You decide to start listing off everything you see in the room, as if you were in a text adventure.



There is an exit to the east. Don't worry, it is unblocked. There is an unblocked exit to the north. You need an unguarded exit? You should try going south.",Garage,"You are in a garage. It seems to be pretty usual here. You decide to start listing off everything you see in the room, as if you were in a text adventure.



There is an exit to the east. Don't worry, it is unblocked. There is an unblocked exit to the north. You need an unguarded exit? You should try going south.",You are carrying nothing.,0 of 1,0.0,False,
74,I will look around the Garage to find the coin.,look,,"You are in a garage. It seems to be pretty usual here. You decide to start listing off everything you see in the room, as if you were in a text adventure.



There is an exit to the east. Don't worry, it is unblocked. There is an unblocked exit to the north. You need an unguarded exit? You should try going south.",Garage,"You are in a garage. It seems to be pretty usual here. You decide to start listing off everything you see in the room, as if you were in a text adventure.



There is an exit to the east. Don't worry, it is unblocked. There is an unblocked exit to the north. You need an unguarded exit? You should try going south.",You are carrying nothing.,0 of 1,0.0,False,
75,I will go east from the Garage to continue searching for the coin.,go east,,"You are in a basement. A normal kind of place. You decide to just list off a complete list of everything you see in the room, because hey, why not?



There is an unblocked exit to the west.",Basement,"You are in a basement. A normal kind of place. You decide to just list off a complete list of everything you see in the room, because hey, why not?



There is an unblocked exit to the west.",You are carrying nothing.,0 of 1,0.0,False,
76,I will look around the Basement to find the coin.,look,,"You are in a basement. A normal kind of place. You decide to just list off a complete list of everything you see in the room, because hey, why not?



There is an unblocked exit to the west.",Basement,"You are in a basement. A normal kind of place. You decide to just list off a complete list of everything you see in the room, because hey, why not?



There is an unblocked exit to the west.",You are carrying nothing.,0 of 1,0.0,False,
77,I will take the coin from the floor if it is here in the basement.,take coin from floor,,You can't see any such thing.,Basement,"You are in a basement. A normal kind of place. You decide to just list off a complete list of everything you see in the room, because hey, why not?



There is an unblocked exit to the west.",You are carrying nothing.,0 of 1,0.0,False,
78,"Since the coin is not in the basement, I will go west to return to the garage and continue searching.",go west,,"You are in a garage. It seems to be pretty usual here. You decide to start listing off everything you see in the room, as if you were in a text adventure.



There is an exit to the east. Don't worry, it is unblocked. There is an unblocked exit to the north. You need an unguarded exit? You should try going south.",Garage,"You are in a garage. It seems to be pretty usual here. You decide to start listing off everything you see in the room, as if you were in a text adventure.



There is an exit to the east. Don't worry, it is unblocked. There is an unblocked exit to the north. You need an unguarded exit? You should try going south.",You are carrying nothing.,0 of 1,0.0,False,
79,I will go north from the garage to explore another area for the coin.,go north,,"You arrive in a workshop. A standard one.



You don't like doors? Why not try going east, that entranceway is unblocked. There is an exit to the south. Don't worry, it is unblocked. You don't like doors? Why not try going west, that entranceway is unguarded.",Workshop,"You arrive in a workshop. A standard one.



You don't like doors? Why not try going east, that entranceway is unblocked. There is an exit to the south. Don't worry, it is unblocked. You don't like doors? Why not try going west, that entranceway is unguarded.",You are carrying nothing.,0 of 1,0.0,False,
80,I will look around the workshop to find the coin.,look,,"You arrive in a workshop. A standard one.



You don't like doors? Why not try going east, that entranceway is unblocked. There is an exit to the south. Don't worry, it is unblocked. You don't like doors? Why not try going west, that entranceway is unguarded.",Workshop,"You arrive in a workshop. A standard one.



You don't like doors? Why not try going east, that entranceway is unblocked. There is an exit to the south. Don't worry, it is unblocked. You don't like doors? Why not try going west, that entranceway is unguarded.",You are carrying nothing.,0 of 1,0.0,False,
81,I will go east from the workshop to continue searching for the coin.,go east,,"You've entered a closet. You decide to just list off a complete list of everything you see in the room, because hey, why not?



You don't like doors? Why not try going east, that entranceway is unguarded. There is an exit to the south. Don't worry, it is unguarded. There is an exit to the west. Don't worry, it is unguarded.",Closet,"You've entered a closet. You decide to just list off a complete list of everything you see in the room, because hey, why not?



You don't like doors? Why not try going east, that entranceway is unguarded. There is an exit to the south. Don't worry, it is unguarded. There is an exit to the west. Don't worry, it is unguarded.",You are carrying nothing.,0 of 1,0.0,False,
82,I will look around the closet to find the coin.,look,,"You've entered a closet. You decide to just list off a complete list of everything you see in the room, because hey, why not?



You don't like doors? Why not try going east, that entranceway is unguarded. There is an exit to the south. Don't worry, it is unguarded. There is an exit to the west. Don't worry, it is unguarded.",Closet,"You've entered a closet. You decide to just list off a complete list of everything you see in the room, because hey, why not?



You don't like doors? Why not try going east, that entranceway is unguarded. There is an exit to the south. Don't worry, it is unguarded. There is an exit to the west. Don't worry, it is unguarded.",You are carrying nothing.,0 of 1,0.0,False,
83,I will try to take the coin from the floor in the closet if it is there.,take coin from floor,,You can't see any such thing.,Closet,"You've entered a closet. You decide to just list off a complete list of everything you see in the room, because hey, why not?



You don't like doors? Why not try going east, that entranceway is unguarded. There is an exit to the south. Don't worry, it is unguarded. There is an exit to the west. Don't worry, it is unguarded.",You are carrying nothing.,0 of 1,0.0,False,
84,"Since the coin is not in the closet, I will go south to explore another area.",go south,,"You've just walked into a steamy kitchenette.



There is an unblocked exit to the north.",Steamy Kitchenette,"You've just walked into a steamy kitchenette.



There is an unblocked exit to the north.",You are carrying nothing.,0 of 1,0.0,False,
85,I will look around the steamy kitchenette to find the coin.,look,,"You've just walked into a steamy kitchenette.



There is an unblocked exit to the north.",Steamy Kitchenette,"You've just walked into a steamy kitchenette.



There is an unblocked exit to the north.",You are carrying nothing.,0 of 1,0.0,False,
86,I will go north from the steamy kitchenette to continue searching for the coin.,go north,,"You've entered a closet. You decide to just list off a complete list of everything you see in the room, because hey, why not?



You don't like doors? Why not try going east, that entranceway is unguarded. There is an exit to the south. Don't worry, it is unguarded. There is an exit to the west. Don't worry, it is unguarded.",Closet,"You've entered a closet. You decide to just list off a complete list of everything you see in the room, because hey, why not?



You don't like doors? Why not try going east, that entranceway is unguarded. There is an exit to the south. Don't worry, it is unguarded. There is an exit to the west. Don't worry, it is unguarded.",You are carrying nothing.,0 of 1,0.0,False,
87,"Since I am back in the closet and the coin is not here, I will try going east to explore a new area.",go east,,"Look around you. Take it all in. It's not every day someone gets to be in a washroom. I guess you better just go and list everything you see here.



You need an unguarded exit? You should try going east. There is an exit to the north. Don't worry, it is unguarded. There is an exit to the west. Don't worry, it is unblocked.",Washroom,"Look around you. Take it all in. It's not every day someone gets to be in a washroom. I guess you better just go and list everything you see here.



You need an unguarded exit? You should try going east. There is an exit to the north. Don't worry, it is unguarded. There is an exit to the west. Don't worry, it is unblocked.",You are carrying nothing.,0 of 1,0.0,False,
88,I will look around the washroom to see if the coin is here.,look,,"Look around you. Take it all in. It's not every day someone gets to be in a washroom. I guess you better just go and list everything you see here.



You need an unguarded exit? You should try going east. There is an exit to the north. Don't worry, it is unguarded. There is an exit to the west. Don't worry, it is unblocked.",Washroom,"Look around you. Take it all in. It's not every day someone gets to be in a washroom. I guess you better just go and list everything you see here.



You need an unguarded exit? You should try going east. There is an exit to the north. Don't worry, it is unguarded. There is an exit to the west. Don't worry, it is unblocked.",You are carrying nothing.,0 of 1,0.0,False,
89,I will try going east from the washroom to explore further for the coin.,go east,,"You're not going to believe this, but you've just entered a forgotten attic.



You don't like doors? Why not try going east, that entranceway is unblocked. You don't like doors? Why not try going north, that entranceway is unblocked. There is an unblocked exit to the west.",Forgotten Attic,"You're not going to believe this, but you've just entered a forgotten attic.



You don't like doors? Why not try going east, that entranceway is unblocked. You don't like doors? Why not try going north, that entranceway is unblocked. There is an unblocked exit to the west.",You are carrying nothing.,0 of 1,0.0,False,
90,I will look around the forgotten attic to find the coin.,look,,"You're not going to believe this, but you've just entered a forgotten attic.



You don't like doors? Why not try going east, that entranceway is unblocked. You don't like doors? Why not try going north, that entranceway is unblocked. There is an unblocked exit to the west.",Forgotten Attic,"You're not going to believe this, but you've just entered a forgotten attic.



You don't like doors? Why not try going east, that entranceway is unblocked. You don't like doors? Why not try going north, that entranceway is unblocked. There is an unblocked exit to the west.",You are carrying nothing.,0 of 1,0.0,False,
91,I will try going east from the forgotten attic to continue searching for the coin.,go east,,"Well, here we are in the chamber. You can barely contain your excitement.



You need an unblocked exit? You should try going east. You don't like doors? Why not try going north, that entranceway is unguarded. You need an unblocked exit? You should try going west.",Chamber,"Well, here we are in the chamber. You can barely contain your excitement.



You need an unblocked exit? You should try going east. You don't like doors? Why not try going north, that entranceway is unguarded. You need an unblocked exit? You should try going west.",You are carrying nothing.,0 of 1,0.0,False,
92,I will look around the chamber to see if the coin is here.,look,,"Well, here we are in the chamber. You can barely contain your excitement.



You need an unblocked exit? You should try going east. You don't like doors? Why not try going north, that entranceway is unguarded. You need an unblocked exit? You should try going west.",Chamber,"Well, here we are in the chamber. You can barely contain your excitement.



You need an unblocked exit? You should try going east. You don't like doors? Why not try going north, that entranceway is unguarded. You need an unblocked exit? You should try going west.",You are carrying nothing.,0 of 1,0.0,False,
93,I will try going west from the chamber to check for the coin.,go west,,"You're not going to believe this, but you've just entered a forgotten attic.



You don't like doors? Why not try going east, that entranceway is unblocked. You don't like doors? Why not try going north, that entranceway is unblocked. There is an unblocked exit to the west.",Forgotten Attic,"You're not going to believe this, but you've just entered a forgotten attic.



You don't like doors? Why not try going east, that entranceway is unblocked. You don't like doors? Why not try going north, that entranceway is unblocked. There is an unblocked exit to the west.",You are carrying nothing.,0 of 1,0.0,False,
94,I will try going north from the forgotten attic to continue searching for the coin.,go north,,"You're not going to believe this, but you've just entered a roomy spare room. You begin looking for stuff.



You need an unblocked exit? You should try going south.",Roomy Spare Room,"You're not going to believe this, but you've just entered a roomy spare room. You begin looking for stuff.



You need an unblocked exit? You should try going south.",You are carrying nothing.,0 of 1,0.0,False,
95,I will look around the roomy spare room to find the coin.,look,,"You're not going to believe this, but you've just entered a roomy spare room. You begin looking for stuff.



You need an unblocked exit? You should try going south.",Roomy Spare Room,"You're not going to believe this, but you've just entered a roomy spare room. You begin looking for stuff.



You need an unblocked exit? You should try going south.",You are carrying nothing.,0 of 1,0.0,False,
96,I will try going south from the roomy spare room to continue searching for the coin.,go south,,"You're not going to believe this, but you've just entered a forgotten attic.



You don't like doors? Why not try going east, that entranceway is unblocked. You don't like doors? Why not try going north, that entranceway is unblocked. There is an unblocked exit to the west.",Forgotten Attic,"You're not going to believe this, but you've just entered a forgotten attic.



You don't like doors? Why not try going east, that entranceway is unblocked. You don't like doors? Why not try going north, that entranceway is unblocked. There is an unblocked exit to the west.",You are carrying nothing.,0 of 1,0.0,False,
97,I will try going east from the forgotten attic to explore another area for the coin.,go east,,"Well, here we are in the chamber. You can barely contain your excitement.



You need an unblocked exit? You should try going east. You don't like doors? Why not try going north, that entranceway is unguarded. You need an unblocked exit? You should try going west.",Chamber,"Well, here we are in the chamber. You can barely contain your excitement.



You need an unblocked exit? You should try going east. You don't like doors? Why not try going north, that entranceway is unguarded. You need an unblocked exit? You should try going west.",You are carrying nothing.,0 of 1,0.0,False,
98,I will try going north from the chamber to check for the coin.,go north,,"You've seen better studio 1s, but at least this one seems pretty serious.



There is an unblocked exit to the east. You don't like doors? Why not try going south, that entranceway is unguarded. There is an exit to the west. Don't worry, it is unblocked.",Serious Studio 1,"You've seen better studio 1s, but at least this one seems pretty serious.



There is an unblocked exit to the east. You don't like doors? Why not try going south, that entranceway is unguarded. There is an exit to the west. Don't worry, it is unblocked.",You are carrying nothing.,0 of 1,0.0,False,
99,I will try going west from Serious Studio 1 to explore the area for the coin.,go west,,"You arrive in a cubicle 3. A serious kind of place.



There is an exit to the east. Don't worry, it is unguarded.",Serious Cubicle 3,"You arrive in a cubicle 3. A serious kind of place.



There is an exit to the east. Don't worry, it is unguarded.",You are carrying nothing.,0 of 1,0.0,False,
100,I will go east to return to the previous room and continue searching for the coin.,go east,,"You've seen better studio 1s, but at least this one seems pretty serious.



There is an unblocked exit to the east. You don't like doors? Why not try going south, that entranceway is unguarded. There is an exit to the west. Don't worry, it is unblocked.",Serious Studio 1,"You've seen better studio 1s, but at least this one seems pretty serious.



There is an unblocked exit to the east. You don't like doors? Why not try going south, that entranceway is unguarded. There is an exit to the west. Don't worry, it is unblocked.",You are carrying nothing.,0 of 1,0.0,True,
