step_id,plan,summary,thought,action,task,feedback,location,description,inventory,score,reward,is_done,error
0,,,,,"Hey, thanks for coming over to the TextWorld today, there is something I need you to do for me. Your first objective is to move west. And then, travel west. After that, go north. That done, head east. After that, go east. With that accomplished, try to head south. Then, take a trip west. With that over with, attempt to take a trip north. Next, make an effort to head west. After that, go to the north. And then, venture east. With that accomplished, make an attempt to take a trip east. Then, make an effort to go to the east. And then, make an attempt to move north. After that, move east. After that, go north. Okay, and then, venture west. And then, make an effort to travel north. Then, venture east. And then, travel south. After that, make an effort to take a trip west. Then, make an effort to move north. And then, take a trip west. Following that, make an attempt to travel west. Then, go to the south. Next, attempt to move west. Once you accomplish that, try to go to the west. And then, try to go to the south. Then, travel east. And then, attempt to head south. Then, move east. Then, go to the north. After that, try to go to the east. Then, attempt to travel north. And then, travel west. After that, try to go south. And then, try to go south. Following that, go to the east. Then, take a trip east. And then, try to move east. Next, make an attempt to head east. Next, head south. With that accomplished, try to venture east. Okay, and then, make an attempt to head south. Then, try to head west. And then, take a trip south. Then, make an effort to take a trip south. Then, venture west. Then, make an attempt to take a trip north. After that, attempt to go to the west. Next, take a trip north. Following that, head north. Once you get around to doing that, try to head east. And then, go to the east. After that, make an attempt to move north. With that over with, take a trip east. Then, make an attempt to venture south. With that done, make an effort to take a trip south. Okay, and then, make an effort to go west. That done, head north. With that accomplished, go to the east. With that accomplished, venture east. If you can get through with that, try to venture north. Then, attempt to go west. Then, travel south. Then, try to venture west. Once you get around to doing that, try to travel north. Next, head east. Once you accomplish that, travel east. With that accomplished, attempt to head south. With that done, go to the west. With that done, take a trip west. If you can finish that, try to go to the south. After that, attempt to take a trip south. Then, make an attempt to go to the east. That done, attempt to go to the east. And then, make an attempt to take a trip north. After that, make an attempt to head west. Then, attempt to move west. Then, travel south. Following that, attempt to head south. If you can get around to doing that, venture south. Okay, and then, go south. With that over with, try to take a trip west. Then, go to the west. Then, try to travel south. With that accomplished, make an effort to go to the east. With that accomplished, attempt to take a trip north. After that, retrieve the coin from the floor of the well lit recreation zone. And once you've done that, you win!",,Cubicle,"You are in a cubicle. A standard one.



You need an unblocked exit? You should try going west.",You are carrying nothing.,0 of 1,0.0,False,
1,,,I will start by moving west as instructed to begin the sequence of movements.,go west,,"You are in a bedchamber. An usual one.



There is an exit to the east. Don't worry, it is unblocked. There is an exit to the west. Don't worry, it is unblocked.",Bedchamber,"You are in a bedchamber. An usual one.



There is an exit to the east. Don't worry, it is unblocked. There is an exit to the west. Don't worry, it is unblocked.",You are carrying nothing.,0 of 1,0.0,False,
2,,,I need to continue moving west as per the instructions.,go west,,"You're now in a lounge.



You don't like doors? Why not try going east, that entranceway is unblocked. There is an exit to the north. Don't worry, it is unguarded.",Lounge,"You're now in a lounge.



You don't like doors? Why not try going east, that entranceway is unblocked. There is an exit to the north. Don't worry, it is unguarded.",You are carrying nothing.,0 of 1,0.0,False,
3,,,"Next, I should go north as instructed.",go north,,"You are in a recreation zone. An ordinary one.



There is an exit to the east. Don't worry, it is unguarded. You don't like doors? Why not try going south, that entranceway is unguarded.",Recreation Zone,"You are in a recreation zone. An ordinary one.



There is an exit to the east. Don't worry, it is unguarded. You don't like doors? Why not try going south, that entranceway is unguarded.",You are carrying nothing.,0 of 1,0.0,False,
4,,,I should go east next as per the instructions.,go east,,"Well, here we are in the office. You begin looking for stuff.



There is an exit to the east. Don't worry, it is unguarded. There is an exit to the west. Don't worry, it is unguarded.",Office,"Well, here we are in the office. You begin looking for stuff.



There is an exit to the east. Don't worry, it is unguarded. There is an exit to the west. Don't worry, it is unguarded.",You are carrying nothing.,0 of 1,0.0,False,
5,,,I should continue by going east as instructed.,go east,,"You've entered a study.



You don't like doors? Why not try going south, that entranceway is unblocked. There is an exit to the west. Don't worry, it is unblocked.",Study,"You've entered a study.



You don't like doors? Why not try going south, that entranceway is unblocked. There is an exit to the west. Don't worry, it is unblocked.",You are carrying nothing.,0 of 1,0.0,False,
6,,,I should go south next as per the instructions.,go south,,"You are in a vault. A roomy one. You begin looking for stuff.



There is an unblocked exit to the north. There is an exit to the west. Don't worry, it is unblocked.",Roomy Vault,"You are in a vault. A roomy one. You begin looking for stuff.



There is an unblocked exit to the north. There is an exit to the west. Don't worry, it is unblocked.",You are carrying nothing.,0 of 1,0.0,False,
7,,,I should go west next as per the instructions.,go west,,"Well, here we are in the spotless laundry place.



There is an exit to the east. Don't worry, it is unblocked. You don't like doors? Why not try going north, that entranceway is unblocked.",Spotless Laundry Place,"Well, here we are in the spotless laundry place.



There is an exit to the east. Don't worry, it is unblocked. You don't like doors? Why not try going north, that entranceway is unblocked.",You are carrying nothing.,0 of 1,0.0,False,
8,,,I should go north next as per the instructions.,go north,,"You've just sauntered into an upsettingly hot kitchenette.



You don't like doors? Why not try going south, that entranceway is unblocked. There is an unblocked exit to the west.",Upsettingly Hot Kitchenette,"You've just sauntered into an upsettingly hot kitchenette.



You don't like doors? Why not try going south, that entranceway is unblocked. There is an unblocked exit to the west.",You are carrying nothing.,0 of 1,0.0,False,
9,,,I should go west next as per the instructions.,go west,,"You have stumbled into the most silent of all possible studios.



You need an unguarded exit? You should try going east. There is an unblocked exit to the north.",Silent Studio,"You have stumbled into the most silent of all possible studios.



You need an unguarded exit? You should try going east. There is an unblocked exit to the north.",You are carrying nothing.,0 of 1,0.0,False,
10,,,I should go north next as per the instructions.,go north,,"Well, here we are in a shower. You decide to just list off a complete list of everything you see in the room, because hey, why not?



You don't like doors? Why not try going east, that entranceway is unblocked. You need an unguarded exit? You should try going south.",Shower,"Well, here we are in a shower. You decide to just list off a complete list of everything you see in the room, because hey, why not?



You don't like doors? Why not try going east, that entranceway is unblocked. You need an unguarded exit? You should try going south.",You are carrying nothing.,0 of 1,0.0,False,
11,,,I should go east next as per the instructions.,go east,,"Well, here we are in the steam room. You begin to take stock of what's in the room.



You don't like doors? Why not try going east, that entranceway is unblocked. You don't like doors? Why not try going west, that entranceway is unblocked.",Steam Room,"Well, here we are in the steam room. You begin to take stock of what's in the room.



You don't like doors? Why not try going east, that entranceway is unblocked. You don't like doors? Why not try going west, that entranceway is unblocked.",You are carrying nothing.,0 of 1,0.0,False,
12,,,I should go east next as per the instructions.,go east,,"Look around you. Take it all in. It's not every day someone gets to be in a studio. The room is well lit.



You don't like doors? Why not try going east, that entranceway is unguarded. There is an unblocked exit to the west.",Studio,"Look around you. Take it all in. It's not every day someone gets to be in a studio. The room is well lit.



You don't like doors? Why not try going east, that entranceway is unguarded. There is an unblocked exit to the west.",You are carrying nothing.,0 of 1,0.0,False,
13,,,I should go east next as per the instructions.,go east,,"Well, here we are in a bathroom. The room seems oddly familiar, as though it were only superficially different from the other rooms in the building.



There is an exit to the north. Don't worry, it is unblocked. There is an exit to the west. Don't worry, it is unguarded.",Bathroom,"Well, here we are in a bathroom. The room seems oddly familiar, as though it were only superficially different from the other rooms in the building.



There is an exit to the north. Don't worry, it is unblocked. There is an exit to the west. Don't worry, it is unguarded.",You are carrying nothing.,0 of 1,0.0,False,
14,,,I should go north next as per the instructions.,go north,,"You find yourself in a garage. A normal kind of place.



You need an unblocked exit? You should try going east. There is an exit to the south. Don't worry, it is unguarded.",Garage,"You find yourself in a garage. A normal kind of place.



You need an unblocked exit? You should try going east. There is an exit to the south. Don't worry, it is unguarded.",You are carrying nothing.,0 of 1,0.0,False,
15,,,I should go east next as per the instructions.,go east,,"You are in a playroom. A normal one.



There is an exit to the north. Don't worry, it is unblocked. You don't like doors? Why not try going west, that entranceway is unblocked.",Playroom,"You are in a playroom. A normal one.



There is an exit to the north. Don't worry, it is unblocked. You don't like doors? Why not try going west, that entranceway is unblocked.",You are carrying nothing.,0 of 1,0.0,False,
16,,,I should go north next as per the instructions.,go north,,"You find yourself in a kitchenette. A standard one. You begin looking for stuff.



You need an unguarded exit? You should try going south. You don't like doors? Why not try going west, that entranceway is unguarded.",Kitchenette,"You find yourself in a kitchenette. A standard one. You begin looking for stuff.



You need an unguarded exit? You should try going south. You don't like doors? Why not try going west, that entranceway is unguarded.",You are carrying nothing.,0 of 1,0.0,False,
17,,,I should go west next as per the instructions.,go west,,"You've entered a bedroom. You begin to take stock of what's here.



You don't like doors? Why not try going east, that entranceway is unblocked. There is an exit to the north. Don't worry, it is unblocked.",Bedroom,"You've entered a bedroom. You begin to take stock of what's here.



You don't like doors? Why not try going east, that entranceway is unblocked. There is an exit to the north. Don't worry, it is unblocked.",You are carrying nothing.,0 of 1,0.0,False,
18,,,I should go north next as per the instructions.,go north,,"You are in a chamber. A standard kind of place.



You don't like doors? Why not try going east, that entranceway is unblocked. You don't like doors? Why not try going south, that entranceway is unblocked.",Chamber,"You are in a chamber. A standard kind of place.



You don't like doors? Why not try going east, that entranceway is unblocked. You don't like doors? Why not try going south, that entranceway is unblocked.",You are carrying nothing.,0 of 1,0.0,False,
19,,,I should go east next as per the instructions.,go east,,"You're now in the dish-pit. I guess you better just go and list everything you see here.



You don't like doors? Why not try going south, that entranceway is unguarded. There is an exit to the west. Don't worry, it is unblocked.",Dish-Pit,"You're now in the dish-pit. I guess you better just go and list everything you see here.



You don't like doors? Why not try going south, that entranceway is unguarded. There is an exit to the west. Don't worry, it is unblocked.",You are carrying nothing.,0 of 1,0.0,False,
20,,,I should go south next as per the instructions.,go south,,"You find yourself in a scullery. An usual kind of place.



You need an unblocked exit? You should try going north. You need an unblocked exit? You should try going west.",Scullery,"You find yourself in a scullery. An usual kind of place.



You need an unblocked exit? You should try going north. You need an unblocked exit? You should try going west.",You are carrying nothing.,0 of 1,0.0,False,
21,,,I should go west next as per the instructions.,go west,,"You've entered a bar.



You need an unblocked exit? You should try going east. You need an unblocked exit? You should try going north.",Bar,"You've entered a bar.



You need an unblocked exit? You should try going east. You need an unblocked exit? You should try going north.",You are carrying nothing.,0 of 1,0.0,False,
22,,,I should go north next as per the instructions.,go north,,"You arrive in a spare room. A typical kind of place.



There is an unblocked exit to the south. You don't like doors? Why not try going west, that entranceway is unblocked.",Spare Room,"You arrive in a spare room. A typical kind of place.



There is an unblocked exit to the south. You don't like doors? Why not try going west, that entranceway is unblocked.",You are carrying nothing.,0 of 1,0.0,False,
23,,,I should go west next as per the instructions.,go west,,"You've entered an attic.



You need an unblocked exit? You should try going east. There is an exit to the west. Don't worry, it is unblocked.",Attic,"You've entered an attic.



You need an unblocked exit? You should try going east. There is an exit to the west. Don't worry, it is unblocked.",You are carrying nothing.,0 of 1,0.0,False,
24,,,I should go east next as per the instructions.,go east,,"You arrive in a spare room. A typical kind of place.



There is an unblocked exit to the south. You don't like doors? Why not try going west, that entranceway is unblocked.",Spare Room,"You arrive in a spare room. A typical kind of place.



There is an unblocked exit to the south. You don't like doors? Why not try going west, that entranceway is unblocked.",You are carrying nothing.,0 of 1,0.0,False,
25,,,I should go south next as per the instructions.,go south,,"You've entered a bar.



You need an unblocked exit? You should try going east. You need an unblocked exit? You should try going north.",Bar,"You've entered a bar.



You need an unblocked exit? You should try going east. You need an unblocked exit? You should try going north.",You are carrying nothing.,0 of 1,0.0,False,
26,,,I should go east next as per the instructions.,go east,,"You find yourself in a scullery. An usual kind of place.



You need an unblocked exit? You should try going north. You need an unblocked exit? You should try going west.",Scullery,"You find yourself in a scullery. An usual kind of place.



You need an unblocked exit? You should try going north. You need an unblocked exit? You should try going west.",You are carrying nothing.,0 of 1,0.0,False,
27,,,I should go north next as per the instructions.,go north,,"You're now in the dish-pit. I guess you better just go and list everything you see here.



You don't like doors? Why not try going south, that entranceway is unguarded. There is an exit to the west. Don't worry, it is unblocked.",Dish-Pit,"You're now in the dish-pit. I guess you better just go and list everything you see here.



You don't like doors? Why not try going south, that entranceway is unguarded. There is an exit to the west. Don't worry, it is unblocked.",You are carrying nothing.,0 of 1,0.0,False,
28,,,I should go south next as per the instructions.,go south,,"You find yourself in a scullery. An usual kind of place.



You need an unblocked exit? You should try going north. You need an unblocked exit? You should try going west.",Scullery,"You find yourself in a scullery. An usual kind of place.



You need an unblocked exit? You should try going north. You need an unblocked exit? You should try going west.",You are carrying nothing.,0 of 1,0.0,False,
29,,,I should go west next as per the instructions.,go west,,"You've entered a bar.



You need an unblocked exit? You should try going east. You need an unblocked exit? You should try going north.",Bar,"You've entered a bar.



You need an unblocked exit? You should try going east. You need an unblocked exit? You should try going north.",You are carrying nothing.,0 of 1,0.0,False,
30,,,I should go east next as per the instructions.,go east,,"You find yourself in a scullery. An usual kind of place.



You need an unblocked exit? You should try going north. You need an unblocked exit? You should try going west.",Scullery,"You find yourself in a scullery. An usual kind of place.



You need an unblocked exit? You should try going north. You need an unblocked exit? You should try going west.",You are carrying nothing.,0 of 1,0.0,False,
31,,,I should go north next as per the instructions.,go north,,"You're now in the dish-pit. I guess you better just go and list everything you see here.



You don't like doors? Why not try going south, that entranceway is unguarded. There is an exit to the west. Don't worry, it is unblocked.",Dish-Pit,"You're now in the dish-pit. I guess you better just go and list everything you see here.



You don't like doors? Why not try going south, that entranceway is unguarded. There is an exit to the west. Don't worry, it is unblocked.",You are carrying nothing.,0 of 1,0.0,False,
32,,,I should take the coin from the floor of the well lit recreation zone as the final step to win.,take coin from floor,,You can't see any such thing.,Dish-Pit,"You're now in the dish-pit. I guess you better just go and list everything you see here.



You don't like doors? Why not try going south, that entranceway is unguarded. There is an exit to the west. Don't worry, it is unblocked.",You are carrying nothing.,0 of 1,0.0,False,
33,,,I need to find the well lit recreation zone first before taking the coin.,go west,,"You are in a chamber. A standard kind of place.



You don't like doors? Why not try going east, that entranceway is unblocked. You don't like doors? Why not try going south, that entranceway is unblocked.",Chamber,"You are in a chamber. A standard kind of place.



You don't like doors? Why not try going east, that entranceway is unblocked. You don't like doors? Why not try going south, that entranceway is unblocked.",You are carrying nothing.,0 of 1,0.0,False,
34,,,I should go east to explore further towards the well lit recreation zone.,go east,,"You're now in the dish-pit. I guess you better just go and list everything you see here.



You don't like doors? Why not try going south, that entranceway is unguarded. There is an exit to the west. Don't worry, it is unblocked.",Dish-Pit,"You're now in the dish-pit. I guess you better just go and list everything you see here.



You don't like doors? Why not try going south, that entranceway is unguarded. There is an exit to the west. Don't worry, it is unblocked.",You are carrying nothing.,0 of 1,0.0,False,
35,,,I should go south to continue exploring for the well lit recreation zone.,go south,,"You find yourself in a scullery. An usual kind of place.



You need an unblocked exit? You should try going north. You need an unblocked exit? You should try going west.",Scullery,"You find yourself in a scullery. An usual kind of place.



You need an unblocked exit? You should try going north. You need an unblocked exit? You should try going west.",You are carrying nothing.,0 of 1,0.0,False,
36,,,I should go north to continue searching for the well lit recreation zone.,go north,,"You're now in the dish-pit. I guess you better just go and list everything you see here.



You don't like doors? Why not try going south, that entranceway is unguarded. There is an exit to the west. Don't worry, it is unblocked.",Dish-Pit,"You're now in the dish-pit. I guess you better just go and list everything you see here.



You don't like doors? Why not try going south, that entranceway is unguarded. There is an exit to the west. Don't worry, it is unblocked.",You are carrying nothing.,0 of 1,0.0,False,
37,,,I should go west to explore a new area that might be the well lit recreation zone.,go west,,"You are in a chamber. A standard kind of place.



You don't like doors? Why not try going east, that entranceway is unblocked. You don't like doors? Why not try going south, that entranceway is unblocked.",Chamber,"You are in a chamber. A standard kind of place.



You don't like doors? Why not try going east, that entranceway is unblocked. You don't like doors? Why not try going south, that entranceway is unblocked.",You are carrying nothing.,0 of 1,0.0,False,
38,,,I should go south to continue exploring for the well lit recreation zone.,go south,,"You've entered a bedroom. You begin to take stock of what's here.



You don't like doors? Why not try going east, that entranceway is unblocked. There is an exit to the north. Don't worry, it is unblocked.",Bedroom,"You've entered a bedroom. You begin to take stock of what's here.



You don't like doors? Why not try going east, that entranceway is unblocked. There is an exit to the north. Don't worry, it is unblocked.",You are carrying nothing.,0 of 1,0.0,False,
39,,,I should go north to continue exploring for the well lit recreation zone.,go north,,"You are in a chamber. A standard kind of place.



You don't like doors? Why not try going east, that entranceway is unblocked. You don't like doors? Why not try going south, that entranceway is unblocked.",Chamber,"You are in a chamber. A standard kind of place.



You don't like doors? Why not try going east, that entranceway is unblocked. You don't like doors? Why not try going south, that entranceway is unblocked.",You are carrying nothing.,0 of 1,0.0,False,
40,,,I should go east to continue exploring for the well lit recreation zone.,go east,,"You're now in the dish-pit. I guess you better just go and list everything you see here.



You don't like doors? Why not try going south, that entranceway is unguarded. There is an exit to the west. Don't worry, it is unblocked.",Dish-Pit,"You're now in the dish-pit. I guess you better just go and list everything you see here.



You don't like doors? Why not try going south, that entranceway is unguarded. There is an exit to the west. Don't worry, it is unblocked.",You are carrying nothing.,0 of 1,0.0,False,
41,,,I should go south to explore a new area that might be the well lit recreation zone.,go south,,"You find yourself in a scullery. An usual kind of place.



You need an unblocked exit? You should try going north. You need an unblocked exit? You should try going west.",Scullery,"You find yourself in a scullery. An usual kind of place.



You need an unblocked exit? You should try going north. You need an unblocked exit? You should try going west.",You are carrying nothing.,0 of 1,0.0,False,
42,,,I should go west to continue exploring for the well lit recreation zone.,go west,,"You've entered a bar.



You need an unblocked exit? You should try going east. You need an unblocked exit? You should try going north.",Bar,"You've entered a bar.



You need an unblocked exit? You should try going east. You need an unblocked exit? You should try going north.",You are carrying nothing.,0 of 1,0.0,False,
43,,,I should go north to continue exploring for the well lit recreation zone.,go north,,"You arrive in a spare room. A typical kind of place.



There is an unblocked exit to the south. You don't like doors? Why not try going west, that entranceway is unblocked.",Spare Room,"You arrive in a spare room. A typical kind of place.



There is an unblocked exit to the south. You don't like doors? Why not try going west, that entranceway is unblocked.",You are carrying nothing.,0 of 1,0.0,False,
44,,,I should go west to continue exploring for the well lit recreation zone.,go west,,"You've entered an attic.



You need an unblocked exit? You should try going east. There is an exit to the west. Don't worry, it is unblocked.",Attic,"You've entered an attic.



You need an unblocked exit? You should try going east. There is an exit to the west. Don't worry, it is unblocked.",You are carrying nothing.,0 of 1,0.0,False,
45,,,I should go east to continue exploring for the well lit recreation zone.,go east,,"You arrive in a spare room. A typical kind of place.



There is an unblocked exit to the south. You don't like doors? Why not try going west, that entranceway is unblocked.",Spare Room,"You arrive in a spare room. A typical kind of place.



There is an unblocked exit to the south. You don't like doors? Why not try going west, that entranceway is unblocked.",You are carrying nothing.,0 of 1,0.0,False,
46,,,I should go south to continue exploring for the well lit recreation zone.,go south,,"You've entered a bar.



You need an unblocked exit? You should try going east. You need an unblocked exit? You should try going north.",Bar,"You've entered a bar.



You need an unblocked exit? You should try going east. You need an unblocked exit? You should try going north.",You are carrying nothing.,0 of 1,0.0,False,
47,,,I should go east to continue exploring for the well lit recreation zone.,go east,,"You find yourself in a scullery. An usual kind of place.



You need an unblocked exit? You should try going north. You need an unblocked exit? You should try going west.",Scullery,"You find yourself in a scullery. An usual kind of place.



You need an unblocked exit? You should try going north. You need an unblocked exit? You should try going west.",You are carrying nothing.,0 of 1,0.0,False,
48,,,I should go north to continue exploring for the well lit recreation zone.,go north,,"You're now in the dish-pit. I guess you better just go and list everything you see here.



You don't like doors? Why not try going south, that entranceway is unguarded. There is an exit to the west. Don't worry, it is unblocked.",Dish-Pit,"You're now in the dish-pit. I guess you better just go and list everything you see here.



You don't like doors? Why not try going south, that entranceway is unguarded. There is an exit to the west. Don't worry, it is unblocked.",You are carrying nothing.,0 of 1,0.0,False,
49,,,I should go south to continue exploring for the well lit recreation zone.,go south,,"You find yourself in a scullery. An usual kind of place.



You need an unblocked exit? You should try going north. You need an unblocked exit? You should try going west.",Scullery,"You find yourself in a scullery. An usual kind of place.



You need an unblocked exit? You should try going north. You need an unblocked exit? You should try going west.",You are carrying nothing.,0 of 1,0.0,False,
50,,,I should go west to continue exploring for the well lit recreation zone.,go west,,"You've entered a bar.



You need an unblocked exit? You should try going east. You need an unblocked exit? You should try going north.",Bar,"You've entered a bar.



You need an unblocked exit? You should try going east. You need an unblocked exit? You should try going north.",You are carrying nothing.,0 of 1,0.0,False,
51,,,I should go north to continue exploring for the well lit recreation zone.,go north,,"You arrive in a spare room. A typical kind of place.



There is an unblocked exit to the south. You don't like doors? Why not try going west, that entranceway is unblocked.",Spare Room,"You arrive in a spare room. A typical kind of place.



There is an unblocked exit to the south. You don't like doors? Why not try going west, that entranceway is unblocked.",You are carrying nothing.,0 of 1,0.0,False,
52,,,I should go west to continue exploring for the well lit recreation zone.,go west,,"You've entered an attic.



You need an unblocked exit? You should try going east. There is an exit to the west. Don't worry, it is unblocked.",Attic,"You've entered an attic.



You need an unblocked exit? You should try going east. There is an exit to the west. Don't worry, it is unblocked.",You are carrying nothing.,0 of 1,0.0,False,
53,,,I should go east to continue exploring for the well lit recreation zone.,go east,,"You arrive in a spare room. A typical kind of place.



There is an unblocked exit to the south. You don't like doors? Why not try going west, that entranceway is unblocked.",Spare Room,"You arrive in a spare room. A typical kind of place.



There is an unblocked exit to the south. You don't like doors? Why not try going west, that entranceway is unblocked.",You are carrying nothing.,0 of 1,0.0,False,
54,,,I should go south to continue exploring for the well lit recreation zone.,go south,,"You've entered a bar.



You need an unblocked exit? You should try going east. You need an unblocked exit? You should try going north.",Bar,"You've entered a bar.



You need an unblocked exit? You should try going east. You need an unblocked exit? You should try going north.",You are carrying nothing.,0 of 1,0.0,False,
55,,,I should go east to continue exploring for the well lit recreation zone.,go east,,"You find yourself in a scullery. An usual kind of place.



You need an unblocked exit? You should try going north. You need an unblocked exit? You should try going west.",Scullery,"You find yourself in a scullery. An usual kind of place.



You need an unblocked exit? You should try going north. You need an unblocked exit? You should try going west.",You are carrying nothing.,0 of 1,0.0,False,
56,,,I should go north to continue exploring for the well lit recreation zone.,go north,,"You're now in the dish-pit. I guess you better just go and list everything you see here.



You don't like doors? Why not try going south, that entranceway is unguarded. There is an exit to the west. Don't worry, it is unblocked.",Dish-Pit,"You're now in the dish-pit. I guess you better just go and list everything you see here.



You don't like doors? Why not try going south, that entranceway is unguarded. There is an exit to the west. Don't worry, it is unblocked.",You are carrying nothing.,0 of 1,0.0,False,
57,,,I should go west to continue exploring for the well lit recreation zone.,go west,,"You are in a chamber. A standard kind of place.



You don't like doors? Why not try going east, that entranceway is unblocked. You don't like doors? Why not try going south, that entranceway is unblocked.",Chamber,"You are in a chamber. A standard kind of place.



You don't like doors? Why not try going east, that entranceway is unblocked. You don't like doors? Why not try going south, that entranceway is unblocked.",You are carrying nothing.,0 of 1,0.0,False,
58,,,I should go east to continue exploring for the well lit recreation zone.,go east,,"You're now in the dish-pit. I guess you better just go and list everything you see here.



You don't like doors? Why not try going south, that entranceway is unguarded. There is an exit to the west. Don't worry, it is unblocked.",Dish-Pit,"You're now in the dish-pit. I guess you better just go and list everything you see here.



You don't like doors? Why not try going south, that entranceway is unguarded. There is an exit to the west. Don't worry, it is unblocked.",You are carrying nothing.,0 of 1,0.0,False,
59,,,I should go south to continue exploring for the well lit recreation zone.,go south,,"You find yourself in a scullery. An usual kind of place.



You need an unblocked exit? You should try going north. You need an unblocked exit? You should try going west.",Scullery,"You find yourself in a scullery. An usual kind of place.



You need an unblocked exit? You should try going north. You need an unblocked exit? You should try going west.",You are carrying nothing.,0 of 1,0.0,False,
60,,,I should go north to continue exploring for the well lit recreation zone.,go north,,"You're now in the dish-pit. I guess you better just go and list everything you see here.



You don't like doors? Why not try going south, that entranceway is unguarded. There is an exit to the west. Don't worry, it is unblocked.",Dish-Pit,"You're now in the dish-pit. I guess you better just go and list everything you see here.



You don't like doors? Why not try going south, that entranceway is unguarded. There is an exit to the west. Don't worry, it is unblocked.",You are carrying nothing.,0 of 1,0.0,False,
61,,,I should go west to continue exploring for the well lit recreation zone.,go west,,"You are in a chamber. A standard kind of place.



You don't like doors? Why not try going east, that entranceway is unblocked. You don't like doors? Why not try going south, that entranceway is unblocked.",Chamber,"You are in a chamber. A standard kind of place.



You don't like doors? Why not try going east, that entranceway is unblocked. You don't like doors? Why not try going south, that entranceway is unblocked.",You are carrying nothing.,0 of 1,0.0,False,
62,,,I should go south to continue exploring for the well lit recreation zone.,go south,,"You've entered a bedroom. You begin to take stock of what's here.



You don't like doors? Why not try going east, that entranceway is unblocked. There is an exit to the north. Don't worry, it is unblocked.",Bedroom,"You've entered a bedroom. You begin to take stock of what's here.



You don't like doors? Why not try going east, that entranceway is unblocked. There is an exit to the north. Don't worry, it is unblocked.",You are carrying nothing.,0 of 1,0.0,False,
63,,,I should go east to continue exploring for the well lit recreation zone.,go east,,"You find yourself in a kitchenette. A standard one. You begin looking for stuff.



You need an unguarded exit? You should try going south. You don't like doors? Why not try going west, that entranceway is unguarded.",Kitchenette,"You find yourself in a kitchenette. A standard one. You begin looking for stuff.



You need an unguarded exit? You should try going south. You don't like doors? Why not try going west, that entranceway is unguarded.",You are carrying nothing.,0 of 1,0.0,False,
64,,,I should go south to continue exploring for the well lit recreation zone.,go south,,"You are in a playroom. A normal one.



There is an exit to the north. Don't worry, it is unblocked. You don't like doors? Why not try going west, that entranceway is unblocked.",Playroom,"You are in a playroom. A normal one.



There is an exit to the north. Don't worry, it is unblocked. You don't like doors? Why not try going west, that entranceway is unblocked.",You are carrying nothing.,0 of 1,0.0,False,
65,,,I should look around the playroom to find the well lit recreation zone or the coin.,look,,"You are in a playroom. A normal one.



There is an exit to the north. Don't worry, it is unblocked. You don't like doors? Why not try going west, that entranceway is unblocked.",Playroom,"You are in a playroom. A normal one.



There is an exit to the north. Don't worry, it is unblocked. You don't like doors? Why not try going west, that entranceway is unblocked.",You are carrying nothing.,0 of 1,0.0,False,
66,,,I should go north to continue exploring for the well lit recreation zone.,go north,,"You find yourself in a kitchenette. A standard one. You begin looking for stuff.



You need an unguarded exit? You should try going south. You don't like doors? Why not try going west, that entranceway is unguarded.",Kitchenette,"You find yourself in a kitchenette. A standard one. You begin looking for stuff.



You need an unguarded exit? You should try going south. You don't like doors? Why not try going west, that entranceway is unguarded.",You are carrying nothing.,0 of 1,0.0,False,
67,,,I should go west to continue exploring for the well lit recreation zone.,go west,,"You've entered a bedroom. You begin to take stock of what's here.



You don't like doors? Why not try going east, that entranceway is unblocked. There is an exit to the north. Don't worry, it is unblocked.",Bedroom,"You've entered a bedroom. You begin to take stock of what's here.



You don't like doors? Why not try going east, that entranceway is unblocked. There is an exit to the north. Don't worry, it is unblocked.",You are carrying nothing.,0 of 1,0.0,False,
68,,,I should go north to continue exploring for the well lit recreation zone.,go north,,"You are in a chamber. A standard kind of place.



You don't like doors? Why not try going east, that entranceway is unblocked. You don't like doors? Why not try going south, that entranceway is unblocked.",Chamber,"You are in a chamber. A standard kind of place.



You don't like doors? Why not try going east, that entranceway is unblocked. You don't like doors? Why not try going south, that entranceway is unblocked.",You are carrying nothing.,0 of 1,0.0,False,
69,,,I should go east to continue exploring for the well lit recreation zone.,go east,,"You're now in the dish-pit. I guess you better just go and list everything you see here.



You don't like doors? Why not try going south, that entranceway is unguarded. There is an exit to the west. Don't worry, it is unblocked.",Dish-Pit,"You're now in the dish-pit. I guess you better just go and list everything you see here.



You don't like doors? Why not try going south, that entranceway is unguarded. There is an exit to the west. Don't worry, it is unblocked.",You are carrying nothing.,0 of 1,0.0,False,
70,,,I should go south to continue exploring for the well lit recreation zone.,go south,,"You find yourself in a scullery. An usual kind of place.



You need an unblocked exit? You should try going north. You need an unblocked exit? You should try going west.",Scullery,"You find yourself in a scullery. An usual kind of place.



You need an unblocked exit? You should try going north. You need an unblocked exit? You should try going west.",You are carrying nothing.,0 of 1,0.0,False,
71,,,I should go west to continue exploring for the well lit recreation zone.,go west,,"You've entered a bar.



You need an unblocked exit? You should try going east. You need an unblocked exit? You should try going north.",Bar,"You've entered a bar.



You need an unblocked exit? You should try going east. You need an unblocked exit? You should try going north.",You are carrying nothing.,0 of 1,0.0,False,
72,,,I should go north to continue exploring for the well lit recreation zone.,go north,,"You arrive in a spare room. A typical kind of place.



There is an unblocked exit to the south. You don't like doors? Why not try going west, that entranceway is unblocked.",Spare Room,"You arrive in a spare room. A typical kind of place.



There is an unblocked exit to the south. You don't like doors? Why not try going west, that entranceway is unblocked.",You are carrying nothing.,0 of 1,0.0,False,
73,,,I should go west to continue exploring for the well lit recreation zone.,go west,,"You've entered an attic.



You need an unblocked exit? You should try going east. There is an exit to the west. Don't worry, it is unblocked.",Attic,"You've entered an attic.



You need an unblocked exit? You should try going east. There is an exit to the west. Don't worry, it is unblocked.",You are carrying nothing.,0 of 1,0.0,False,
74,,,I should go east to continue exploring for the well lit recreation zone.,go east,,"You arrive in a spare room. A typical kind of place.



There is an unblocked exit to the south. You don't like doors? Why not try going west, that entranceway is unblocked.",Spare Room,"You arrive in a spare room. A typical kind of place.



There is an unblocked exit to the south. You don't like doors? Why not try going west, that entranceway is unblocked.",You are carrying nothing.,0 of 1,0.0,False,
75,,,I should go south to continue exploring for the well lit recreation zone.,go south,,"You've entered a bar.



You need an unblocked exit? You should try going east. You need an unblocked exit? You should try going north.",Bar,"You've entered a bar.



You need an unblocked exit? You should try going east. You need an unblocked exit? You should try going north.",You are carrying nothing.,0 of 1,0.0,False,
76,,,I should go east to continue exploring for the well lit recreation zone.,go east,,"You find yourself in a scullery. An usual kind of place.



You need an unblocked exit? You should try going north. You need an unblocked exit? You should try going west.",Scullery,"You find yourself in a scullery. An usual kind of place.



You need an unblocked exit? You should try going north. You need an unblocked exit? You should try going west.",You are carrying nothing.,0 of 1,0.0,False,
77,,,I should go north to continue exploring for the well lit recreation zone.,go north,,"You're now in the dish-pit. I guess you better just go and list everything you see here.



You don't like doors? Why not try going south, that entranceway is unguarded. There is an exit to the west. Don't worry, it is unblocked.",Dish-Pit,"You're now in the dish-pit. I guess you better just go and list everything you see here.



You don't like doors? Why not try going south, that entranceway is unguarded. There is an exit to the west. Don't worry, it is unblocked.",You are carrying nothing.,0 of 1,0.0,False,
78,,,I should go west to continue exploring for the well lit recreation zone.,go west,,"You are in a chamber. A standard kind of place.



You don't like doors? Why not try going east, that entranceway is unblocked. You don't like doors? Why not try going south, that entranceway is unblocked.",Chamber,"You are in a chamber. A standard kind of place.



You don't like doors? Why not try going east, that entranceway is unblocked. You don't like doors? Why not try going south, that entranceway is unblocked.",You are carrying nothing.,0 of 1,0.0,False,
79,,,I should go south to continue exploring for the well lit recreation zone.,go south,,"You've entered a bedroom. You begin to take stock of what's here.



You don't like doors? Why not try going east, that entranceway is unblocked. There is an exit to the north. Don't worry, it is unblocked.",Bedroom,"You've entered a bedroom. You begin to take stock of what's here.



You don't like doors? Why not try going east, that entranceway is unblocked. There is an exit to the north. Don't worry, it is unblocked.",You are carrying nothing.,0 of 1,0.0,False,
80,,,I should go east to continue exploring for the well lit recreation zone.,go east,,"You find yourself in a kitchenette. A standard one. You begin looking for stuff.



You need an unguarded exit? You should try going south. You don't like doors? Why not try going west, that entranceway is unguarded.",Kitchenette,"You find yourself in a kitchenette. A standard one. You begin looking for stuff.



You need an unguarded exit? You should try going south. You don't like doors? Why not try going west, that entranceway is unguarded.",You are carrying nothing.,0 of 1,0.0,False,
81,,,I should go south to continue exploring for the well lit recreation zone.,go south,,"You are in a playroom. A normal one.



There is an exit to the north. Don't worry, it is unblocked. You don't like doors? Why not try going west, that entranceway is unblocked.",Playroom,"You are in a playroom. A normal one.



There is an exit to the north. Don't worry, it is unblocked. You don't like doors? Why not try going west, that entranceway is unblocked.",You are carrying nothing.,0 of 1,0.0,False,
82,,,"I should take the coin from the floor of the well lit recreation zone, which is likely the playroom.",take coin from floor,,You can't see any such thing.,Playroom,"You are in a playroom. A normal one.



There is an exit to the north. Don't worry, it is unblocked. You don't like doors? Why not try going west, that entranceway is unblocked.",You are carrying nothing.,0 of 1,0.0,False,
83,,,I should look around the playroom more closely to find the coin.,look,,"You are in a playroom. A normal one.



There is an exit to the north. Don't worry, it is unblocked. You don't like doors? Why not try going west, that entranceway is unblocked.",Playroom,"You are in a playroom. A normal one.



There is an exit to the north. Don't worry, it is unblocked. You don't like doors? Why not try going west, that entranceway is unblocked.",You are carrying nothing.,0 of 1,0.0,False,
84,,,I should examine the floor in the playroom to find the coin.,examine floor,,You can't see any such thing.,Playroom,"You are in a playroom. A normal one.



There is an exit to the north. Don't worry, it is unblocked. You don't like doors? Why not try going west, that entranceway is unblocked.",You are carrying nothing.,0 of 1,0.0,False,
85,,,I should try going north to explore another room that might be the well lit recreation zone with the coin.,go north,,"You find yourself in a kitchenette. A standard one. You begin looking for stuff.



You need an unguarded exit? You should try going south. You don't like doors? Why not try going west, that entranceway is unguarded.",Kitchenette,"You find yourself in a kitchenette. A standard one. You begin looking for stuff.



You need an unguarded exit? You should try going south. You don't like doors? Why not try going west, that entranceway is unguarded.",You are carrying nothing.,0 of 1,0.0,False,
86,,,I should go west to explore another room that might be the well lit recreation zone with the coin.,go west,,"You've entered a bedroom. You begin to take stock of what's here.



You don't like doors? Why not try going east, that entranceway is unblocked. There is an exit to the north. Don't worry, it is unblocked.",Bedroom,"You've entered a bedroom. You begin to take stock of what's here.



You don't like doors? Why not try going east, that entranceway is unblocked. There is an exit to the north. Don't worry, it is unblocked.",You are carrying nothing.,0 of 1,0.0,False,
87,,,I should go north to explore another room that might be the well lit recreation zone with the coin.,go north,,"You are in a chamber. A standard kind of place.



You don't like doors? Why not try going east, that entranceway is unblocked. You don't like doors? Why not try going south, that entranceway is unblocked.",Chamber,"You are in a chamber. A standard kind of place.



You don't like doors? Why not try going east, that entranceway is unblocked. You don't like doors? Why not try going south, that entranceway is unblocked.",You are carrying nothing.,0 of 1,0.0,False,
88,,,I should go east to explore another room that might be the well lit recreation zone with the coin.,go east,,"You're now in the dish-pit. I guess you better just go and list everything you see here.



You don't like doors? Why not try going south, that entranceway is unguarded. There is an exit to the west. Don't worry, it is unblocked.",Dish-Pit,"You're now in the dish-pit. I guess you better just go and list everything you see here.



You don't like doors? Why not try going south, that entranceway is unguarded. There is an exit to the west. Don't worry, it is unblocked.",You are carrying nothing.,0 of 1,0.0,False,
89,,,I should look around the dish-pit to find any items or clues.,look,,"You're now in the dish-pit. I guess you better just go and list everything you see here.



You don't like doors? Why not try going south, that entranceway is unguarded. There is an exit to the west. Don't worry, it is unblocked.",Dish-Pit,"You're now in the dish-pit. I guess you better just go and list everything you see here.



You don't like doors? Why not try going south, that entranceway is unguarded. There is an exit to the west. Don't worry, it is unblocked.",You are carrying nothing.,0 of 1,0.0,False,
90,,,I should go south to explore another room that might be the well lit recreation zone with the coin.,go south,,"You find yourself in a scullery. An usual kind of place.



You need an unblocked exit? You should try going north. You need an unblocked exit? You should try going west.",Scullery,"You find yourself in a scullery. An usual kind of place.



You need an unblocked exit? You should try going north. You need an unblocked exit? You should try going west.",You are carrying nothing.,0 of 1,0.0,False,
91,,,I should go west to explore another room that might be the well lit recreation zone with the coin.,go west,,"You've entered a bar.



You need an unblocked exit? You should try going east. You need an unblocked exit? You should try going north.",Bar,"You've entered a bar.



You need an unblocked exit? You should try going east. You need an unblocked exit? You should try going north.",You are carrying nothing.,0 of 1,0.0,False,
92,,,I should go north to explore another room that might be the well lit recreation zone with the coin.,go north,,"You arrive in a spare room. A typical kind of place.



There is an unblocked exit to the south. You don't like doors? Why not try going west, that entranceway is unblocked.",Spare Room,"You arrive in a spare room. A typical kind of place.



There is an unblocked exit to the south. You don't like doors? Why not try going west, that entranceway is unblocked.",You are carrying nothing.,0 of 1,0.0,False,
93,,,I should go west to explore another room that might be the well lit recreation zone with the coin.,go west,,"You've entered an attic.



You need an unblocked exit? You should try going east. There is an exit to the west. Don't worry, it is unblocked.",Attic,"You've entered an attic.



You need an unblocked exit? You should try going east. There is an exit to the west. Don't worry, it is unblocked.",You are carrying nothing.,0 of 1,0.0,False,
94,,,I should go east to explore another room that might be the well lit recreation zone with the coin.,go east,,"You arrive in a spare room. A typical kind of place.



There is an unblocked exit to the south. You don't like doors? Why not try going west, that entranceway is unblocked.",Spare Room,"You arrive in a spare room. A typical kind of place.



There is an unblocked exit to the south. You don't like doors? Why not try going west, that entranceway is unblocked.",You are carrying nothing.,0 of 1,0.0,False,
95,,,I should go south to explore another room that might be the well lit recreation zone with the coin.,go south,,"You've entered a bar.



You need an unblocked exit? You should try going east. You need an unblocked exit? You should try going north.",Bar,"You've entered a bar.



You need an unblocked exit? You should try going east. You need an unblocked exit? You should try going north.",You are carrying nothing.,0 of 1,0.0,False,
96,,,I should go east to explore another room that might be the well lit recreation zone with the coin.,go east,,"You find yourself in a scullery. An usual kind of place.



You need an unblocked exit? You should try going north. You need an unblocked exit? You should try going west.",Scullery,"You find yourself in a scullery. An usual kind of place.



You need an unblocked exit? You should try going north. You need an unblocked exit? You should try going west.",You are carrying nothing.,0 of 1,0.0,False,
97,,,I should go north to explore another room that might be the well lit recreation zone with the coin.,go north,,"You're now in the dish-pit. I guess you better just go and list everything you see here.



You don't like doors? Why not try going south, that entranceway is unguarded. There is an exit to the west. Don't worry, it is unblocked.",Dish-Pit,"You're now in the dish-pit. I guess you better just go and list everything you see here.



You don't like doors? Why not try going south, that entranceway is unguarded. There is an exit to the west. Don't worry, it is unblocked.",You are carrying nothing.,0 of 1,0.0,False,
98,,,I should go west to explore another room that might be the well lit recreation zone with the coin.,go west,,"You are in a chamber. A standard kind of place.



You don't like doors? Why not try going east, that entranceway is unblocked. You don't like doors? Why not try going south, that entranceway is unblocked.",Chamber,"You are in a chamber. A standard kind of place.



You don't like doors? Why not try going east, that entranceway is unblocked. You don't like doors? Why not try going south, that entranceway is unblocked.",You are carrying nothing.,0 of 1,0.0,False,
99,,,I should go east to explore another room that might be the well lit recreation zone with the coin.,go east,,"You're now in the dish-pit. I guess you better just go and list everything you see here.



You don't like doors? Why not try going south, that entranceway is unguarded. There is an exit to the west. Don't worry, it is unblocked.",Dish-Pit,"You're now in the dish-pit. I guess you better just go and list everything you see here.



You don't like doors? Why not try going south, that entranceway is unguarded. There is an exit to the west. Don't worry, it is unblocked.",You are carrying nothing.,0 of 1,0.0,False,
100,,,I should go south to explore another room that might be the well lit recreation zone with the coin.,go south,,"You find yourself in a scullery. An usual kind of place.



You need an unblocked exit? You should try going north. You need an unblocked exit? You should try going west.",Scullery,"You find yourself in a scullery. An usual kind of place.



You need an unblocked exit? You should try going north. You need an unblocked exit? You should try going west.",You are carrying nothing.,0 of 1,0.0,True,
