step_id,plan,summary,thought,action,task,feedback,location,description,inventory,score,reward,is_done,error
0,,,,,"Who's got a virtual machine and is about to play through an life changing round of TextWorld? You do! Here is your task for today. First stop, make sure that the chest drawer in the bedroom is open. And then, pick up the old key from the chest drawer in the bedroom. And then, unlock the wooden door with the old key. After that, open the wooden door within the bedroom. After that, go to the east. Okay, and then, open the screen door. After that, try to head east. And then, go south. Following that, recover the milk from the floor of the garden. After that, make an attempt to go to the north. After that, attempt to venture west. If you can accomplish that, place the milk on the stove within the kitchen. Once that's all handled, you can stop!",,Bedroom,"You arrive in a bedroom. A normal kind of place.

You lean against the wall, inadvertently pressing a secret button. The wall opens up to reveal a chest drawer! Look over there! an antique trunk. As if things weren't amazing enough already, you can even see a king-size bed. Wow, isn't TextWorld just the best? But the thing is empty. Hm. Oh well

There is a closed wooden door leading east.",You are carrying nothing.,0 of 10,0.0,False,
1,,I am in the bedroom with a closed wooden door leading east and a chest drawer revealed by a secret button.,I should open the chest drawer in the bedroom first.,open chest drawer,,"You open the chest drawer, revealing an old key.


Your score has just gone up by one point.",Bedroom,"You arrive in a bedroom. A normal kind of place.

You lean against the wall, inadvertently pressing a secret button. The wall opens up to reveal a chest drawer! The chest drawer contains an old key. Look over there! an antique trunk. As if things weren't amazing enough already, you can even see a king-size bed. Wow, isn't TextWorld just the best? But the thing is empty. Hm. Oh well

There is a closed wooden door leading east.",You are carrying nothing.,1 of 10,0.1,False,
2,,I opened the chest drawer and found an old key inside.,I should take the old key from the chest drawer.,take old key from chest drawer,,"You take the old key from the chest drawer.



Your score has just gone up by one point.",Bedroom,"You arrive in a bedroom. A normal kind of place.

You lean against the wall, inadvertently pressing a secret button. The wall opens up to reveal a chest drawer! The chest drawer is empty! What a waste of a day! Look over there! an antique trunk. As if things weren't amazing enough already, you can even see a king-size bed. Wow, isn't TextWorld just the best? But the thing is empty. Hm. Oh well

There is a closed wooden door leading east.",You are carrying: an old key.,2 of 10,0.2,False,
3,,I took the old key from the chest drawer and now I am carrying it.,I should unlock the wooden door with the old key.,unlock wooden door with old key,,"You unlock wooden door.


Your score has just gone up by one point.",Bedroom,"You arrive in a bedroom. A normal kind of place.

You lean against the wall, inadvertently pressing a secret button. The wall opens up to reveal a chest drawer! The chest drawer is empty! What a waste of a day! Look over there! an antique trunk. As if things weren't amazing enough already, you can even see a king-size bed. Wow, isn't TextWorld just the best? But the thing is empty. Hm. Oh well

There is a closed wooden door leading east.",You are carrying: an old key.,3 of 10,0.3,False,
4,,I unlocked the wooden door with the old key.,I should open the wooden door within the bedroom.,open wooden door,,"You open wooden door.


Your score has just gone up by one point.",Bedroom,"You arrive in a bedroom. A normal kind of place.

You lean against the wall, inadvertently pressing a secret button. The wall opens up to reveal a chest drawer! The chest drawer is empty! What a waste of a day! Look over there! an antique trunk. As if things weren't amazing enough already, you can even see a king-size bed. Wow, isn't TextWorld just the best? But the thing is empty. Hm. Oh well

There is an open wooden door leading east.",You are carrying: an old key.,4 of 10,0.4,False,
5,,I opened the wooden door within the bedroom.,I should go east through the open wooden door.,go east,,"You find yourself in a kitchen. You decide to just list off a complete list of everything you see in the room, because hey, why not?

You make out a refrigerator. As if things weren't amazing enough already, you can even see a counter. But the thing is empty, unfortunately. You can make out a stove. But the thing is empty, unfortunately. What, you think everything in TextWorld should have stuff on it? You see a kitchen island. On the kitchen island you can see a note.

There is a closed screen door leading east. There is an open wooden door leading west. There is an exit to the north. Don't worry, it is unblocked. There is an exit to the south. Don't worry, it is unguarded.



Your score has just gone up by one point.",Kitchen,"You find yourself in a kitchen. You decide to just list off a complete list of everything you see in the room, because hey, why not?

You make out a refrigerator. As if things weren't amazing enough already, you can even see a counter. But the thing is empty, unfortunately. You can make out a stove. But the thing is empty, unfortunately. What, you think everything in TextWorld should have stuff on it? You see a kitchen island. On the kitchen island you can see a note.

There is a closed screen door leading east. There is an open wooden door leading west. There is an exit to the north. Don't worry, it is unblocked. There is an exit to the south. Don't worry, it is unguarded.",You are carrying: an old key.,5 of 10,0.5,False,
6,,I went east through the wooden door and arrived in the kitchen with a closed screen door leading east.,I should open the screen door.,open screen door,,"You open screen door.


Your score has just gone up by one point.",Kitchen,"You find yourself in a kitchen. You decide to just list off a complete list of everything you see in the room, because hey, why not?

You make out a refrigerator. As if things weren't amazing enough already, you can even see a counter. But the thing is empty, unfortunately. You can make out a stove. But the thing is empty, unfortunately. What, you think everything in TextWorld should have stuff on it? You see a kitchen island. On the kitchen island you can see a note.

There is an open screen door leading east. There is an open wooden door leading west. There is an exit to the north. Don't worry, it is unblocked. There is an exit to the south. Don't worry, it is unguarded.",You are carrying: an old key.,6 of 10,0.6,False,
7,,I opened the screen door leading east from the kitchen.,I should go east through the open screen door.,go east,,"You've entered a backyard. You begin to take stock of what's here.

You bend down to tie your shoe. When you stand up, you notice a set of chairs. Looks like someone's already been here and taken everything off it, though. You can see a bbq. Looks like someone's already been here and taken everything off it, though. Hopefully, this discovery doesn't ruin your TextWorld experience! Look over there! a patio table. The patio table is ordinary. But there isn't a thing on it. Hm. Oh well

There is an open screen door leading west. There is an exit to the south. Don't worry, it is unguarded.



Your score has just gone up by one point.",Backyard,"You've entered a backyard. You begin to take stock of what's here.

You bend down to tie your shoe. When you stand up, you notice a set of chairs. Looks like someone's already been here and taken everything off it, though. You can see a bbq. Looks like someone's already been here and taken everything off it, though. Hopefully, this discovery doesn't ruin your TextWorld experience! Look over there! a patio table. The patio table is ordinary. But there isn't a thing on it. Hm. Oh well

There is an open screen door leading west. There is an exit to the south. Don't worry, it is unguarded.",You are carrying: an old key.,7 of 10,0.7,False,
8,,I went east through the screen door and arrived in the backyard with an exit to the south.,I should go south from the backyard.,go south,,"Well, here we are in a garden.



There is an unguarded exit to the north.

There is an apple, a milk, a half of a bag of chips and a shovel on the floor.


Your score has just gone up by one point.",Garden,"Well, here we are in a garden.



There is an unguarded exit to the north.

There is an apple, a milk, a half of a bag of chips and a shovel on the floor.",You are carrying: an old key.,8 of 10,0.8,False,
9,,I went south from the backyard and arrived in the garden where there is milk on the floor.,I should take the milk from the floor of the garden.,take milk from floor,,"You pick up the milk from the ground.



Your score has just gone up by one point.",Garden,"Well, here we are in a garden.



There is an unguarded exit to the north.

There is an apple, a half of a bag of chips and a shovel on the floor.",You are carrying: a milk and an old key.,9 of 10,0.9,False,
10,,I took the milk from the floor of the garden and now I am carrying it along with the old key.,I should go north from the garden.,go north,,"You've entered a backyard. You begin to take stock of what's here.

You bend down to tie your shoe. When you stand up, you notice a set of chairs. Looks like someone's already been here and taken everything off it, though. You can see a bbq. Looks like someone's already been here and taken everything off it, though. Hopefully, this discovery doesn't ruin your TextWorld experience! Look over there! a patio table. The patio table is ordinary. But there isn't a thing on it. Hm. Oh well

There is an open screen door leading west. There is an exit to the south. Don't worry, it is unguarded.",Backyard,"You've entered a backyard. You begin to take stock of what's here.

You bend down to tie your shoe. When you stand up, you notice a set of chairs. Looks like someone's already been here and taken everything off it, though. You can see a bbq. Looks like someone's already been here and taken everything off it, though. Hopefully, this discovery doesn't ruin your TextWorld experience! Look over there! a patio table. The patio table is ordinary. But there isn't a thing on it. Hm. Oh well

There is an open screen door leading west. There is an exit to the south. Don't worry, it is unguarded.",You are carrying: a milk and an old key.,9 of 10,0.9,False,
11,,I went north from the garden and returned to the backyard.,I should go west through the open screen door to return to the kitchen.,go west,,"You find yourself in a kitchen. You decide to just list off a complete list of everything you see in the room, because hey, why not?

You make out a refrigerator. As if things weren't amazing enough already, you can even see a counter. But the thing is empty, unfortunately. You can make out a stove. But the thing is empty, unfortunately. What, you think everything in TextWorld should have stuff on it? You see a kitchen island. On the kitchen island you can see a note.

There is an open screen door leading east. There is an open wooden door leading west. There is an exit to the north. Don't worry, it is unblocked. There is an exit to the south. Don't worry, it is unguarded.",Kitchen,"You find yourself in a kitchen. You decide to just list off a complete list of everything you see in the room, because hey, why not?

You make out a refrigerator. As if things weren't amazing enough already, you can even see a counter. But the thing is empty, unfortunately. You can make out a stove. But the thing is empty, unfortunately. What, you think everything in TextWorld should have stuff on it? You see a kitchen island. On the kitchen island you can see a note.

There is an open screen door leading east. There is an open wooden door leading west. There is an exit to the north. Don't worry, it is unblocked. There is an exit to the south. Don't worry, it is unguarded.",You are carrying: a milk and an old key.,9 of 10,0.9,False,
12,,I went west through the open screen door and returned to the kitchen.,I should place the milk on the stove within the kitchen.,put milk on stove,,"You put the milk on the stove.


Your score has just gone up by one point.


                               *** The End ***

You scored 10 out of a possible 10, in 13 turns.


Would you like to RESTART, RESTORE a saved game, QUIT or UNDO the last command?
>",Kitchen,"You find yourself in a kitchen. You decide to just list off a complete list of everything you see in the room, because hey, why not?

You make out a refrigerator. As if things weren't amazing enough already, you can even see a counter. But the thing is empty, unfortunately. You can make out a stove. You see a milk on the stove. You see a kitchen island. On the kitchen island you can see a note.

There is an open screen door leading east. There is an open wooden door leading west. There is an exit to the north. Don't worry, it is unblocked. There is an exit to the south. Don't worry, it is unguarded.",You are carrying: an old key.,10 of 10,1.0,True,
